0 1
1 0
1 2
2 1
3 4
4 3
4 5
5 4
6 7
7 6
8 9
9 8
9 10
10 9
11 12
12 11
13 14
14 13
15 16
16 15
17 18
18 17
19 20
20 19
21 22
22 21
23 24
24 23
24 25
25 24
26 27
27 26
27 28
28 27
30 31
31 30
31 32
32 31
34 35
35 34
36 37
37 36
38 39
39 38
39 40
40 39
41 42
42 41
42 43
43 42
44 45
45 44
46 47
47 46
48 49
49 48
50 51
51 50
51 52
52 51
53 54
54 53
54 55
55 54
55 56
56 55
57 58
58 57
58 59
59 58
61 62
62 61
62 63
63 62
65 66
66 65
66 67
67 66
69 70
70 69
71 72
72 71
73 74
74 73
75 76
76 75
77 78
78 77
78 79
79 78
80 81
81 80
81 82
82 81
83 84
84 83
84 85
85 84
85 86
86 85
86 87
87 86
87 88
88 87
89 90
90 89
91 92
92 91
92 93
93 92
93 94
94 93
94 95
95 94
96 97
97 96
98 99
99 98
100 101
101 100
102 103
103 102
103 104
104 103
105 106
106 105
106 107
107 106
108 109
109 108
109 110
110 109
111 112
112 111
113 114
114 113
114 115
115 114
116 117
117 116
117 118
118 117
119 120
120 119
120 121
121 120
122 123
123 122
124 125
125 124
126 127
127 126
128 129
129 128
129 130
130 129
131 132
132 131
132 133
133 132
134 135
135 134
136 137
137 136
138 139
139 138
140 141
141 140
143 144
144 143
145 146
146 145
147 148
148 147
149 150
150 149
151 152
152 151
153 154
154 153
156 157
157 156
158 159
159 158
161 162
162 161
164 165
165 164
166 167
167 166
168 169
169 168
170 171
171 170
172 173
173 172
174 175
175 174
177 178
178 177
178 179
179 178
181 182
182 181
183 184
184 183
185 186
186 185
187 188
188 187
190 191
191 190
193 194
194 193
195 196
196 195
197 198
198 197
200 201
201 200
202 203
203 202
204 205
205 204
206 207
207 206
208 209
209 208
210 211
211 210
212 213
213 212
214 215
215 214
216 217
217 216
218 219
219 218
220 221
221 220
222 223
223 222
224 225
225 224
226 227
227 226
228 229
229 228
231 232
232 231
233 234
234 233
235 236
236 235
237 238
238 237
239 240
240 239
242 243
243 242
244 245
245 244
245 246
246 245
246 247
247 246
248 249
249 248
249 250
250 249
251 252
252 251
253 254
254 253
256 257
257 256
258 259
259 258
260 261
261 260
262 263
263 262
264 265
265 264
265 266
266 265
266 267
267 266
269 270
270 269
271 272
272 271
273 274
274 273
276 277
277 276
278 279
279 278
280 281
281 280
282 283
283 282
284 285
285 284
286 287
287 286
287 288
288 287
289 290
290 289
291 292
292 291
294 295
295 294
296 297
297 296
297 298
298 297
299 300
300 299
301 302
302 301
303 304
304 303
305 306
306 305
307 308
308 307
310 311
311 310
311 312
312 311
313 314
314 313
315 316
316 315
317 318
318 317
319 320
320 319
321 322
322 321
323 324
324 323
326 327
327 326
328 329
329 328
330 331
331 330
331 332
332 331
333 334
334 333
335 336
336 335
337 338
338 337
339 340
340 339
341 342
342 341
343 344
344 343
345 346
346 345
347 348
348 347
349 350
350 349
351 352
352 351
353 354
354 353
355 356
356 355
357 358
358 357
360 361
361 360
362 363
363 362
364 365
365 364
366 367
367 366
368 369
369 368
370 371
371 370
372 373
373 372
374 375
375 374
376 377
377 376
378 379
379 378
380 381
381 380
382 383
383 382
385 386
386 385
387 388
388 387
389 390
390 389
391 392
392 391
393 394
394 393
395 396
396 395
396 397
397 396
398 399
399 398
400 401
401 400
405 406
406 405
407 408
408 407
409 410
410 409
412 413
413 412
414 415
415 414
416 417
417 416
418 419
419 418
420 421
421 420
421 422
422 421
422 423
423 422
425 426
426 425
426 427
427 426
429 430
430 429
432 433
433 432
433 434
434 433
434 435
435 434
435 436
436 435
437 438
438 437
439 440
440 439
441 442
442 441
444 445
445 444
446 447
447 446
447 448
448 447
450 451
451 450
452 453
453 452
454 455
455 454
456 457
457 456
457 458
458 457
458 459
459 458
460 461
461 460
462 463
463 462
464 465
465 464
466 467
467 466
468 469
469 468
470 471
471 470
472 473
473 472
474 475
475 474
476 477
477 476
478 479
479 478
480 481
481 480
482 483
483 482
484 485
485 484
486 487
487 486
488 489
489 488
490 491
491 490
492 493
493 492
494 495
495 494
496 497
497 496
498 499
499 498
500 501
501 500
502 503
503 502
504 505
505 504
506 507
507 506
508 509
509 508
510 511
511 510
512 513
513 512
514 515
515 514
516 517
517 516
518 519
519 518
520 521
521 520
522 523
523 522
524 525
525 524
526 527
527 526
527 528
528 527
529 530
530 529
531 532
532 531
533 534
534 533
535 536
536 535
537 538
538 537
540 541
541 540
542 543
543 542
544 545
545 544
546 547
547 546
548 549
549 548
550 551
551 550
552 553
553 552
553 554
554 553
555 556
556 555
557 558
558 557
558 559
559 558
560 561
561 560
561 562
562 561
562 563
563 562
564 565
565 564
565 566
566 565
567 568
568 567
569 570
570 569
572 573
573 572
574 575
575 574
575 576
576 575
577 578
578 577
579 580
580 579
580 581
581 580
582 583
583 582
584 585
585 584
586 587
587 586
588 589
589 588
590 591
591 590
592 593
593 592
594 595
595 594
596 597
597 596
598 599
599 598
599 600
600 599
601 602
602 601
604 605
605 604
606 607
607 606
607 608
608 607
609 610
610 609
610 611
611 610
612 613
613 612
614 615
615 614
617 618
618 617
618 619
619 618
620 621
621 620
624 625
625 624
625 626
626 625
626 627
627 626
628 629
629 628
630 631
631 630
631 632
632 631
632 633
633 632
635 636
636 635
637 638
638 637
638 639
639 638
640 641
641 640
642 643
643 642
644 645
645 644
646 647
647 646
648 649
649 648
651 652
652 651
653 654
654 653
655 656
656 655
657 658
658 657
659 660
660 659
661 662
662 661
663 664
664 663
665 666
666 665
667 668
668 667
669 670
670 669
671 672
672 671
673 674
674 673
675 676
676 675
676 677
677 676
678 679
679 678
680 681
681 680
681 682
682 681
683 684
684 683
685 686
686 685
688 689
689 688
690 691
691 690
692 693
693 692
694 695
695 694
696 697
697 696
699 700
700 699
701 702
702 701
703 704
704 703
705 706
706 705
706 707
707 706
708 709
709 708
710 711
711 710
712 713
713 712
714 715
715 714
718 719
719 718
719 720
720 719
721 722
722 721
723 724
724 723
725 726
726 725
728 729
729 728
729 730
730 729
731 732
732 731
734 735
735 734
737 738
738 737
739 740
740 739
742 743
743 742
744 745
745 744
746 747
747 746
748 749
749 748
749 750
750 749
750 751
751 750
752 753
753 752
753 754
754 753
754 755
755 754
756 757
757 756
759 760
760 759
762 763
763 762
763 764
764 763
764 765
765 764
767 768
768 767
768 769
769 768
770 771
771 770
772 773
773 772
773 774
774 773
775 776
776 775
776 777
777 776
778 779
779 778
780 781
781 780
783 784
784 783
784 785
785 784
786 787
787 786
788 789
789 788
790 791
791 790
792 793
793 792
794 795
795 794
796 797
797 796
798 799
799 798
800 801
801 800
802 803
803 802
803 804
804 803
805 806
806 805
807 808
808 807
809 810
810 809
811 812
812 811
813 814
814 813
816 817
817 816
818 819
819 818
820 821
821 820
822 823
823 822
824 825
825 824
826 827
827 826
827 828
828 827
829 830
830 829
831 832
832 831
832 833
833 832
834 835
835 834
836 837
837 836
838 839
839 838
840 841
841 840
842 843
843 842
843 844
844 843
845 846
846 845
846 847
847 846
848 849
849 848
850 851
851 850
852 853
853 852
854 855
855 854
856 857
857 856
858 859
859 858
860 861
861 860
862 863
863 862
864 865
865 864
866 867
867 866
868 869
869 868
869 870
870 869
871 872
872 871
873 874
874 873
877 878
878 877
879 880
880 879
881 882
882 881
883 884
884 883
885 886
886 885
887 888
888 887
888 889
889 888
892 893
893 892
895 896
896 895
896 897
897 896
897 898
898 897
899 900
900 899
900 901
901 900
902 903
903 902
904 905
905 904
906 907
907 906
908 909
909 908
911 912
912 911
914 915
915 914
916 917
917 916
918 919
919 918
920 921
921 920
923 924
924 923
925 926
926 925
927 928
928 927
930 931
931 930
935 936
936 935
936 937
937 936
937 938
938 937
939 940
940 939
941 942
942 941
943 944
944 943
945 946
946 945
947 948
948 947
949 950
950 949
951 952
952 951
953 954
954 953
955 956
956 955
957 958
958 957
959 960
960 959
962 963
963 962
964 965
965 964
966 967
967 966
968 969
969 968
970 971
971 970
972 973
973 972
974 975
975 974
975 976
976 975
977 978
978 977
979 980
980 979
981 982
982 981
983 984
984 983
986 987
987 986
988 989
989 988
991 992
992 991
993 994
994 993
995 996
996 995
997 998
998 997
999 1000
1000 999
1000 1001
1001 1000
1001 1002
1002 1001
1003 1004
1004 1003
1005 1006
1006 1005
1007 1008
1008 1007
1009 1010
1010 1009
1011 1012
1012 1011
1013 1014
1014 1013
1015 1016
1016 1015
1017 1018
1018 1017
1019 1020
1020 1019
1021 1022
1022 1021
1023 1024
1024 1023
1025 1026
1026 1025
1027 1028
1028 1027
1029 1030
1030 1029
1033 1034
1034 1033
1035 1036
1036 1035
1037 1038
1038 1037
1039 1040
1040 1039
1041 1042
1042 1041
1044 1045
1045 1044
1045 1046
1046 1045
1046 1047
1047 1046
1049 1050
1050 1049
1051 1052
1052 1051
1053 1054
1054 1053
1056 1057
1057 1056
1058 1059
1059 1058
1059 1060
1060 1059
1061 1062
1062 1061
1063 1064
1064 1063
1065 1066
1066 1065
1066 1067
1067 1066
1069 1070
1070 1069
1071 1072
1072 1071
1073 1074
1074 1073
1075 1076
1076 1075
1077 1078
1078 1077
1080 1081
1081 1080
1083 1084
1084 1083
1085 1086
1086 1085
1086 1087
1087 1086
1088 1089
1089 1088
1091 1092
1092 1091
1093 1094
1094 1093
1095 1096
1096 1095
1096 1097
1097 1096
1097 1098
1098 1097
1099 1100
1100 1099
1101 1102
1102 1101
1103 1104
1104 1103
1106 1107
1107 1106
1108 1109
1109 1108
1110 1111
1111 1110
1112 1113
1113 1112
1115 1116
1116 1115
1117 1118
1118 1117
1118 1119
1119 1118
1120 1121
1121 1120
1122 1123
1123 1122
1124 1125
1125 1124
1126 1127
1127 1126
1128 1129
1129 1128
1130 1131
1131 1130
1132 1133
1133 1132
1135 1136
1136 1135
1137 1138
1138 1137
1139 1140
1140 1139
1141 1142
1142 1141
1144 1145
1145 1144
1146 1147
1147 1146
1148 1149
1149 1148
1150 1151
1151 1150
1152 1153
1153 1152
1154 1155
1155 1154
1156 1157
1157 1156
1158 1159
1159 1158
1160 1161
1161 1160
1162 1163
1163 1162
1163 1164
1164 1163
1165 1166
1166 1165
1168 1169
1169 1168
1170 1171
1171 1170
1172 1173
1173 1172
1173 1174
1174 1173
1175 1176
1176 1175
1177 1178
1178 1177
1179 1180
1180 1179
1181 1182
1182 1181
1183 1184
1184 1183
1184 1185
1185 1184
1186 1187
1187 1186
1188 1189
1189 1188
1190 1191
1191 1190
1192 1193
1193 1192
1196 1197
1197 1196
1199 1200
1200 1199
1201 1202
1202 1201
1202 1203
1203 1202
1204 1205
1205 1204
1206 1207
1207 1206
1207 1208
1208 1207
1209 1210
1210 1209
1212 1213
1213 1212
1215 1216
1216 1215
1217 1218
1218 1217
1220 1221
1221 1220
1221 1222
1222 1221
1222 1223
1223 1222
1226 1227
1227 1226
1228 1229
1229 1228
1229 1230
1230 1229
1230 1231
1231 1230
1232 1233
1233 1232
1235 1236
1236 1235
1237 1238
1238 1237
1240 1241
1241 1240
1241 1242
1242 1241
1243 1244
1244 1243
1246 1247
1247 1246
1248 1249
1249 1248
1250 1251
1251 1250
1252 1253
1253 1252
1253 1254
1254 1253
1255 1256
1256 1255
1257 1258
1258 1257
1260 1261
1261 1260
1262 1263
1263 1262
1264 1265
1265 1264
1266 1267
1267 1266
1268 1269
1269 1268
1271 1272
1272 1271
1273 1274
1274 1273
1275 1276
1276 1275
1278 1279
1279 1278
1280 1281
1281 1280
1282 1283
1283 1282
1284 1285
1285 1284
1286 1287
1287 1286
1288 1289
1289 1288
1290 1291
1291 1290
1292 1293
1293 1292
1294 1295
1295 1294
1296 1297
1297 1296
1298 1299
1299 1298
1300 1301
1301 1300
1302 1303
1303 1302
1305 1306
1306 1305
1307 1308
1308 1307
1309 1310
1310 1309
1311 1312
1312 1311
1313 1314
1314 1313
1315 1316
1316 1315
1317 1318
1318 1317
1319 1320
1320 1319
1321 1322
1322 1321
1323 1324
1324 1323
1324 1325
1325 1324
1326 1327
1327 1326
1328 1329
1329 1328
1330 1331
1331 1330
1332 1333
1333 1332
1334 1335
1335 1334
1336 1337
1337 1336
1338 1339
1339 1338
1341 1342
1342 1341
1342 1343
1343 1342
1344 1345
1345 1344
1346 1347
1347 1346
1348 1349
1349 1348
1350 1351
1351 1350
1352 1353
1353 1352
1354 1355
1355 1354
1356 1357
1357 1356
1357 1358
1358 1357
1359 1360
1360 1359
1360 1361
1361 1360
1361 1362
1362 1361
1363 1364
1364 1363
1365 1366
1366 1365
1367 1368
1368 1367
1369 1370
1370 1369
1371 1372
1372 1371
1373 1374
1374 1373
1375 1376
1376 1375
1377 1378
1378 1377
1380 1381
1381 1380
1382 1383
1383 1382
1384 1385
1385 1384
1386 1387
1387 1386
1387 1388
1388 1387
1389 1390
1390 1389
1391 1392
1392 1391
1394 1395
1395 1394
1396 1397
1397 1396
1397 1398
1398 1397
1398 1399
1399 1398
1400 1401
1401 1400
1402 1403
1403 1402
1403 1404
1404 1403
1406 1407
1407 1406
1407 1408
1408 1407
1409 1410
1410 1409
1410 1411
1411 1410
1412 1413
1413 1412
1414 1415
1415 1414
1415 1416
1416 1415
1416 1417
1417 1416
1418 1419
1419 1418
1419 1420
1420 1419
1422 1423
1423 1422
1423 1424
1424 1423
1428 1429
1429 1428
1430 1431
1431 1430
1432 1433
1433 1432
1434 1435
1435 1434
1436 1437
1437 1436
1440 1441
1441 1440
1441 1442
1442 1441
1443 1444
1444 1443
1445 1446
1446 1445
1447 1448
1448 1447
1449 1450
1450 1449
1451 1452
1452 1451
1454 1455
1455 1454
1456 1457
1457 1456
1458 1459
1459 1458
1459 1460
1460 1459
1461 1462
1462 1461
1463 1464
1464 1463
1465 1466
1466 1465
1467 1468
1468 1467
1469 1470
1470 1469
1471 1472
1472 1471
1473 1474
1474 1473
1475 1476
1476 1475
1477 1478
1478 1477
1479 1480
1480 1479
1481 1482
1482 1481
1483 1484
1484 1483
1485 1486
1486 1485
1487 1488
1488 1487
1489 1490
1490 1489
1491 1492
1492 1491
1493 1494
1494 1493
1495 1496
1496 1495
1497 1498
1498 1497
1499 1500
1500 1499
1501 1502
1502 1501
1504 1505
1505 1504
1506 1507
1507 1506
1508 1509
1509 1508
1510 1511
1511 1510
1512 1513
1513 1512
1514 1515
1515 1514
1516 1517
1517 1516
1518 1519
1519 1518
1520 1521
1521 1520
1522 1523
1523 1522
1524 1525
1525 1524
1526 1527
1527 1526
1528 1529
1529 1528
1530 1531
1531 1530
1532 1533
1533 1532
1534 1535
1535 1534
1536 1537
1537 1536
1538 1539
1539 1538
1541 1542
1542 1541
1544 1545
1545 1544
1545 1546
1546 1545
1546 1547
1547 1546
1548 1549
1549 1548
1550 1551
1551 1550
1551 1552
1552 1551
1554 1555
1555 1554
1556 1557
1557 1556
1557 1558
1558 1557
1558 1559
1559 1558
1560 1561
1561 1560
1563 1564
1564 1563
1565 1566
1566 1565
1566 1567
1567 1566
1568 1569
1569 1568
1570 1571
1571 1570
1575 1576
1576 1575
1578 1579
1579 1578
1581 1582
1582 1581
1585 1586
1586 1585
1587 1588
1588 1587
1590 1591
1591 1590
1592 1593
1593 1592
1594 1595
1595 1594
1596 1597
1597 1596
1597 1598
1598 1597
1599 1600
1600 1599
1601 1602
1602 1601
1603 1604
1604 1603
1605 1606
1606 1605
1607 1608
1608 1607
1609 1610
1610 1609
1611 1612
1612 1611
1613 1614
1614 1613
1615 1616
1616 1615
1617 1618
1618 1617
1619 1620
1620 1619
1621 1622
1622 1621
1623 1624
1624 1623
1625 1626
1626 1625
1627 1628
1628 1627
1629 1630
1630 1629
1631 1632
1632 1631
1632 1633
1633 1632
1634 1635
1635 1634
1636 1637
1637 1636
1638 1639
1639 1638
1640 1641
1641 1640
1642 1643
1643 1642
1644 1645
1645 1644
1646 1647
1647 1646
1648 1649
1649 1648
1650 1651
1651 1650
1652 1653
1653 1652
1654 1655
1655 1654
1656 1657
1657 1656
1658 1659
1659 1658
1660 1661
1661 1660
1662 1663
1663 1662
1664 1665
1665 1664
1666 1667
1667 1666
1668 1669
1669 1668
1670 1671
1671 1670
1672 1673
1673 1672
1674 1675
1675 1674
1676 1677
1677 1676
1678 1679
1679 1678
1680 1681
1681 1680
1682 1683
1683 1682
1684 1685
1685 1684
1686 1687
1687 1686
1688 1689
1689 1688
1690 1691
1691 1690
1692 1693
1693 1692
1694 1695
1695 1694
1696 1697
1697 1696
1698 1699
1699 1698
1700 1701
1701 1700
1703 1704
1704 1703
1705 1706
1706 1705
1706 1707
1707 1706
1708 1709
1709 1708
1710 1711
1711 1710
1713 1714
1714 1713
1715 1716
1716 1715
1717 1718
1718 1717
1719 1720
1720 1719
1721 1722
1722 1721
1722 1723
1723 1722
1724 1725
1725 1724
1727 1728
1728 1727
1728 1729
1729 1728
1730 1731
1731 1730
1732 1733
1733 1732
1733 1734
1734 1733
1734 1735
1735 1734
1735 1736
1736 1735
1737 1738
1738 1737
1740 1741
1741 1740
1741 1742
1742 1741
1744 1745
1745 1744
1746 1747
1747 1746
1747 1748
1748 1747
1750 1751
1751 1750
1751 1752
1752 1751
1753 1754
1754 1753
1755 1756
1756 1755
1757 1758
1758 1757
1759 1760
1760 1759
1761 1762
1762 1761
1763 1764
1764 1763
1765 1766
1766 1765
1767 1768
1768 1767
1770 1771
1771 1770
1771 1772
1772 1771
1778 1779
1779 1778
1781 1782
1782 1781
1783 1784
1784 1783
1785 1786
1786 1785
1787 1788
1788 1787
1788 1789
1789 1788
1790 1791
1791 1790
1792 1793
1793 1792
1795 1796
1796 1795
1797 1798
1798 1797
1799 1800
1800 1799
1801 1802
1802 1801
1803 1804
1804 1803
1805 1806
1806 1805
1807 1808
1808 1807
1809 1810
1810 1809
1810 1811
1811 1810
1812 1813
1813 1812
1814 1815
1815 1814
1816 1817
1817 1816
1818 1819
1819 1818
1819 1820
1820 1819
1821 1822
1822 1821
1822 1823
1823 1822
1824 1825
1825 1824
1826 1827
1827 1826
1830 1831
1831 1830
1831 1832
1832 1831
1833 1834
1834 1833
1835 1836
1836 1835
1837 1838
1838 1837
1839 1840
1840 1839
1841 1842
1842 1841
1843 1844
1844 1843
1845 1846
1846 1845
1848 1849
1849 1848
1850 1851
1851 1850
1852 1853
1853 1852
1853 1854
1854 1853
1855 1856
1856 1855
1857 1858
1858 1857
1859 1860
1860 1859
1861 1862
1862 1861
1863 1864
1864 1863
1865 1866
1866 1865
1867 1868
1868 1867
1869 1870
1870 1869
1871 1872
1872 1871
1874 1875
1875 1874
1876 1877
1877 1876
1877 1878
1878 1877
1878 1879
1879 1878
1880 1881
1881 1880
1882 1883
1883 1882
1885 1886
1886 1885
1886 1887
1887 1886
1888 1889
1889 1888
1890 1891
1891 1890
1892 1893
1893 1892
1894 1895
1895 1894
1896 1897
1897 1896
1898 1899
1899 1898
1899 1900
1900 1899
1901 1902
1902 1901
1905 1906
1906 1905
1907 1908
1908 1907
1909 1910
1910 1909
1910 1911
1911 1910
1912 1913
1913 1912
1915 1916
1916 1915
1917 1918
1918 1917
1919 1920
1920 1919
1921 1922
1922 1921
1922 1923
1923 1922
1923 1924
1924 1923
1925 1926
1926 1925
1927 1928
1928 1927
1931 1932
1932 1931
1932 1933
1933 1932
1933 1934
1934 1933
1934 1935
1935 1934
1936 1937
1937 1936
1938 1939
1939 1938
1939 1940
1940 1939
1943 1944
1944 1943
1946 1947
1947 1946
1947 1948
1948 1947
1949 1950
1950 1949
1952 1953
1953 1952
1954 1955
1955 1954
1956 1957
1957 1956
1958 1959
1959 1958
1960 1961
1961 1960
1962 1963
1963 1962
1964 1965
1965 1964
1966 1967
1967 1966
1968 1969
1969 1968
1970 1971
1971 1970
1972 1973
1973 1972
1974 1975
1975 1974
1977 1978
1978 1977
1979 1980
1980 1979
1981 1982
1982 1981
1984 1985
1985 1984
1986 1987
1987 1986
1988 1989
1989 1988
1990 1991
1991 1990
1992 1993
1993 1992
1994 1995
1995 1994
1996 1997
1997 1996
1998 1999
1999 1998
2000 2001
2001 2000
2002 2003
2003 2002
2004 2005
2005 2004
2006 2007
2007 2006
2008 2009
2009 2008
2010 2011
2011 2010
2012 2013
2013 2012
2013 2014
2014 2013
2015 2016
2016 2015
2017 2018
2018 2017
2020 2021
2021 2020
2022 2023
2023 2022
2025 2026
2026 2025
2027 2028
2028 2027
2029 2030
2030 2029
2031 2032
2032 2031
2033 2034
2034 2033
2035 2036
2036 2035
2037 2038
2038 2037
2040 2041
2041 2040
2042 2043
2043 2042
2044 2045
2045 2044
2046 2047
2047 2046
2048 2049
2049 2048
2049 2050
2050 2049
2051 2052
2052 2051
2054 2055
2055 2054
2057 2058
2058 2057
2058 2059
2059 2058
2060 2061
2061 2060
2062 2063
2063 2062
2065 2066
2066 2065
2066 2067
2067 2066
2067 2068
2068 2067
2069 2070
2070 2069
2070 2071
2071 2070
2074 2075
2075 2074
2076 2077
2077 2076
2078 2079
2079 2078
2079 2080
2080 2079
2081 2082
2082 2081
2083 2084
2084 2083
2085 2086
2086 2085
2088 2089
2089 2088
2090 2091
2091 2090
2092 2093
2093 2092
2094 2095
2095 2094
2096 2097
2097 2096
2098 2099
2099 2098
2099 2100
2100 2099
2102 2103
2103 2102
2104 2105
2105 2104
2105 2106
2106 2105
2107 2108
2108 2107
2108 2109
2109 2108
2109 2110
2110 2109
2110 2111
2111 2110
2112 2113
2113 2112
2115 2116
2116 2115
2118 2119
2119 2118
2119 2120
2120 2119
2120 2121
2121 2120
2121 2122
2122 2121
2122 2123
2123 2122
2124 2125
2125 2124
2125 2126
2126 2125
2127 2128
2128 2127
2129 2130
2130 2129
2132 2133
2133 2132
2134 2135
2135 2134
2136 2137
2137 2136
2138 2139
2139 2138
2140 2141
2141 2140
2142 2143
2143 2142
2144 2145
2145 2144
2146 2147
2147 2146
2147 2148
2148 2147
2149 2150
2150 2149
2151 2152
2152 2151
2153 2154
2154 2153
2155 2156
2156 2155
2157 2158
2158 2157
2159 2160
2160 2159
2161 2162
2162 2161
2163 2164
2164 2163
2165 2166
2166 2165
2167 2168
2168 2167
2170 2171
2171 2170
2171 2172
2172 2171
2174 2175
2175 2174
2176 2177
2177 2176
2178 2179
2179 2178
2180 2181
2181 2180
2182 2183
2183 2182
2185 2186
2186 2185
2187 2188
2188 2187
2189 2190
2190 2189
2191 2192
2192 2191
2193 2194
2194 2193
2196 2197
2197 2196
2198 2199
2199 2198
2200 2201
2201 2200
2202 2203
2203 2202
2204 2205
2205 2204
2206 2207
2207 2206
2208 2209
2209 2208
2210 2211
2211 2210
2212 2213
2213 2212
2214 2215
2215 2214
2216 2217
2217 2216
2218 2219
2219 2218
2220 2221
2221 2220
2223 2224
2224 2223
2225 2226
2226 2225
2227 2228
2228 2227
2229 2230
2230 2229
2231 2232
2232 2231
2232 2233
2233 2232
2233 2234
2234 2233
2234 2235
2235 2234
2236 2237
2237 2236
2237 2238
2238 2237
2239 2240
2240 2239
2240 2241
2241 2240
2241 2242
2242 2241
2242 2243
2243 2242
2244 2245
2245 2244
2246 2247
2247 2246
2247 2248
2248 2247
2249 2250
2250 2249
2250 2251
2251 2250
2253 2254
2254 2253
2254 2255
2255 2254
2257 2258
2258 2257
2259 2260
2260 2259
2260 2261
2261 2260
2262 2263
2263 2262
2264 2265
2265 2264
2266 2267
2267 2266
2268 2269
2269 2268
2270 2271
2271 2270
2272 2273
2273 2272
2274 2275
2275 2274
2278 2279
2279 2278
2279 2280
2280 2279
2281 2282
2282 2281
2283 2284
2284 2283
2284 2285
2285 2284
2285 2286
2286 2285
2286 2287
2287 2286
2290 2291
2291 2290
2291 2292
2292 2291
2294 2295
2295 2294
2296 2297
2297 2296
2298 2299
2299 2298
2301 2302
2302 2301
2303 2304
2304 2303
2305 2306
2306 2305
2307 2308
2308 2307
2309 2310
2310 2309
2311 2312
2312 2311
2313 2314
2314 2313
2315 2316
2316 2315
2318 2319
2319 2318
2320 2321
2321 2320
2322 2323
2323 2322
2324 2325
2325 2324
2326 2327
2327 2326
2328 2329
2329 2328
2330 2331
2331 2330
2332 2333
2333 2332
2334 2335
2335 2334
2336 2337
2337 2336
2338 2339
2339 2338
2340 2341
2341 2340
2342 2343
2343 2342
2344 2345
2345 2344
2346 2347
2347 2346
2348 2349
2349 2348
2350 2351
2351 2350
2352 2353
2353 2352
2355 2356
2356 2355
2357 2358
2358 2357
2359 2360
2360 2359
2361 2362
2362 2361
2364 2365
2365 2364
2366 2367
2367 2366
2368 2369
2369 2368
2370 2371
2371 2370
2372 2373
2373 2372
2374 2375
2375 2374
2376 2377
2377 2376
2378 2379
2379 2378
2380 2381
2381 2380
2382 2383
2383 2382
2385 2386
2386 2385
2387 2388
2388 2387
2389 2390
2390 2389
2391 2392
2392 2391
2393 2394
2394 2393
2396 2397
2397 2396
2398 2399
2399 2398
2400 2401
2401 2400
2402 2403
2403 2402
2404 2405
2405 2404
2407 2408
2408 2407
2409 2410
2410 2409
2411 2412
2412 2411
2414 2415
2415 2414
2415 2416
2416 2415
2417 2418
2418 2417
2419 2420
2420 2419
2421 2422
2422 2421
2423 2424
2424 2423
2425 2426
2426 2425
2427 2428
2428 2427
2429 2430
2430 2429
2432 2433
2433 2432
2435 2436
2436 2435
2437 2438
2438 2437
2438 2439
2439 2438
2440 2441
2441 2440
2444 2445
2445 2444
2446 2447
2447 2446
2448 2449
2449 2448
2450 2451
2451 2450
2451 2452
2452 2451
2453 2454
2454 2453
2456 2457
2457 2456
2458 2459
2459 2458
2460 2461
2461 2460
2462 2463
2463 2462
2463 2464
2464 2463
2465 2466
2466 2465
2466 2467
2467 2466
2468 2469
2469 2468
2470 2471
2471 2470
2474 2475
2475 2474
2476 2477
2477 2476
2478 2479
2479 2478
2480 2481
2481 2480
2482 2483
2483 2482
2484 2485
2485 2484
2486 2487
2487 2486
2488 2489
2489 2488
2490 2491
2491 2490
2492 2493
2493 2492
2493 2494
2494 2493
2495 2496
2496 2495
2497 2498
2498 2497
2499 2500
2500 2499
2501 2502
2502 2501
2503 2504
2504 2503
2505 2506
2506 2505
2507 2508
2508 2507
2509 2510
2510 2509
2512 2513
2513 2512
2514 2515
2515 2514
2516 2517
2517 2516
2519 2520
2520 2519
2521 2522
2522 2521
2523 2524
2524 2523
2525 2526
2526 2525
2527 2528
2528 2527
2528 2529
2529 2528
2530 2531
2531 2530
2532 2533
2533 2532
2535 2536
2536 2535
2537 2538
2538 2537
2539 2540
2540 2539
2540 2541
2541 2540
2543 2544
2544 2543
2545 2546
2546 2545
2547 2548
2548 2547
2549 2550
2550 2549
2551 2552
2552 2551
2553 2554
2554 2553
2555 2556
2556 2555
2557 2558
2558 2557
2560 2561
2561 2560
2563 2564
2564 2563
2565 2566
2566 2565
2567 2568
2568 2567
2570 2571
2571 2570
2572 2573
2573 2572
2573 2574
2574 2573
2575 2576
2576 2575
2576 2577
2577 2576
2577 2578
2578 2577
2578 2579
2579 2578
2580 2581
2581 2580
2582 2583
2583 2582
2585 2586
2586 2585
2586 2587
2587 2586
2587 2588
2588 2587
2589 2590
2590 2589
2591 2592
2592 2591
2593 2594
2594 2593
2594 2595
2595 2594
2596 2597
2597 2596
2598 2599
2599 2598
2600 2601
2601 2600
2601 2602
2602 2601
2603 2604
2604 2603
2604 2605
2605 2604
2606 2607
2607 2606
2608 2609
2609 2608
2610 2611
2611 2610
2611 2612
2612 2611
2613 2614
2614 2613
2614 2615
2615 2614
2615 2616
2616 2615
2617 2618
2618 2617
2618 2619
2619 2618
2620 2621
2621 2620
2621 2622
2622 2621
2622 2623
2623 2622
2624 2625
2625 2624
2626 2627
2627 2626
2628 2629
2629 2628
2630 2631
2631 2630
2632 2633
2633 2632
2633 2634
2634 2633
2635 2636
2636 2635
2637 2638
2638 2637
2639 2640
2640 2639
2640 2641
2641 2640
2642 2643
2643 2642
2644 2645
2645 2644
2646 2647
2647 2646
2649 2650
2650 2649
2651 2652
2652 2651
2653 2654
2654 2653
2655 2656
2656 2655
2657 2658
2658 2657
2659 2660
2660 2659
2661 2662
2662 2661
2663 2664
2664 2663
2665 2666
2666 2665
2667 2668
2668 2667
2669 2670
2670 2669
2671 2672
2672 2671
2673 2674
2674 2673
2676 2677
2677 2676
2678 2679
2679 2678
2680 2681
2681 2680
2682 2683
2683 2682
2683 2684
2684 2683
2685 2686
2686 2685
2687 2688
2688 2687
2689 2690
2690 2689
2691 2692
2692 2691
2693 2694
2694 2693
2695 2696
2696 2695
2696 2697
2697 2696
2698 2699
2699 2698
2700 2701
2701 2700
2702 2703
2703 2702
2703 2704
2704 2703
2705 2706
2706 2705
2707 2708
2708 2707
2709 2710
2710 2709
2711 2712
2712 2711
2713 2714
2714 2713
2714 2715
2715 2714
2716 2717
2717 2716
2718 2719
2719 2718
2719 2720
2720 2719
2721 2722
2722 2721
2723 2724
2724 2723
2725 2726
2726 2725
2727 2728
2728 2727
2729 2730
2730 2729
2731 2732
2732 2731
2733 2734
2734 2733
2735 2736
2736 2735
2737 2738
2738 2737
2739 2740
2740 2739
2740 2741
2741 2740
2742 2743
2743 2742
2744 2745
2745 2744
2746 2747
2747 2746
2747 2748
2748 2747
2749 2750
2750 2749
2750 2751
2751 2750
2752 2753
2753 2752
2754 2755
2755 2754
2756 2757
2757 2756
2759 2760
2760 2759
2760 2761
2761 2760
2764 2765
2765 2764
2766 2767
2767 2766
2767 2768
2768 2767
2769 2770
2770 2769
2770 2771
2771 2770
2771 2772
2772 2771
2774 2775
2775 2774
2775 2776
2776 2775
2777 2778
2778 2777
2779 2780
2780 2779
2780 2781
2781 2780
2782 2783
2783 2782
2786 2787
2787 2786
2788 2789
2789 2788
2790 2791
2791 2790
2792 2793
2793 2792
2793 2794
2794 2793
2794 2795
2795 2794
2796 2797
2797 2796
2798 2799
2799 2798
2800 2801
2801 2800
2802 2803
2803 2802
2804 2805
2805 2804
2805 2806
2806 2805
2807 2808
2808 2807
2809 2810
2810 2809
2811 2812
2812 2811
2813 2814
2814 2813
2816 2817
2817 2816
2817 2818
2818 2817
2819 2820
2820 2819
2820 2821
2821 2820
2822 2823
2823 2822
2824 2825
2825 2824
2826 2827
2827 2826
2828 2829
2829 2828
2829 2830
2830 2829
2831 2832
2832 2831
2834 2835
2835 2834
2835 2836
2836 2835
2838 2839
2839 2838
2840 2841
2841 2840
2842 2843
2843 2842
2845 2846
2846 2845
2847 2848
2848 2847
2849 2850
2850 2849
2850 2851
2851 2850
2852 2853
2853 2852
2854 2855
2855 2854
2856 2857
2857 2856
2858 2859
2859 2858
2860 2861
2861 2860
2862 2863
2863 2862
2864 2865
2865 2864
2866 2867
2867 2866
2867 2868
2868 2867
2870 2871
2871 2870
2872 2873
2873 2872
2874 2875
2875 2874
2876 2877
2877 2876
2877 2878
2878 2877
2879 2880
2880 2879
2881 2882
2882 2881
2883 2884
2884 2883
2885 2886
2886 2885
2887 2888
2888 2887
2889 2890
2890 2889
2891 2892
2892 2891
2893 2894
2894 2893
2895 2896
2896 2895
2897 2898
2898 2897
2899 2900
2900 2899
2901 2902
2902 2901
2903 2904
2904 2903
2905 2906
2906 2905
2907 2908
2908 2907
2909 2910
2910 2909
2911 2912
2912 2911
2913 2914
2914 2913
2915 2916
2916 2915
2917 2918
2918 2917
2919 2920
2920 2919
2921 2922
2922 2921
2926 2927
2927 2926
2928 2929
2929 2928
2929 2930
2930 2929
2932 2933
2933 2932
2935 2936
2936 2935
2937 2938
2938 2937
2940 2941
2941 2940
2942 2943
2943 2942
2943 2944
2944 2943
2945 2946
2946 2945
2949 2950
2950 2949
2951 2952
2952 2951
2953 2954
2954 2953
2955 2956
2956 2955
2957 2958
2958 2957
2959 2960
2960 2959
2960 2961
2961 2960
2962 2963
2963 2962
2963 2964
2964 2963
2965 2966
2966 2965
2967 2968
2968 2967
2970 2971
2971 2970
2973 2974
2974 2973
2976 2977
2977 2976
2978 2979
2979 2978
2980 2981
2981 2980
2983 2984
2984 2983
2985 2986
2986 2985
2987 2988
2988 2987
2989 2990
2990 2989
2991 2992
2992 2991
2993 2994
2994 2993
2995 2996
2996 2995
2997 2998
2998 2997
2999 3000
3000 2999
3001 3002
3002 3001
3003 3004
3004 3003
3005 3006
3006 3005
3007 3008
3008 3007
3009 3010
3010 3009
3011 3012
3012 3011
3014 3015
3015 3014
3016 3017
3017 3016
3018 3019
3019 3018
3021 3022
3022 3021
3024 3025
3025 3024
3026 3027
3027 3026
3028 3029
3029 3028
3031 3032
3032 3031
3033 3034
3034 3033
3035 3036
3036 3035
3036 3037
3037 3036
3038 3039
3039 3038
3040 3041
3041 3040
3042 3043
3043 3042
3044 3045
3045 3044
3046 3047
3047 3046
3048 3049
3049 3048
3050 3051
3051 3050
3052 3053
3053 3052
3054 3055
3055 3054
3056 3057
3057 3056
3058 3059
3059 3058
3060 3061
3061 3060
3062 3063
3063 3062
3064 3065
3065 3064
3066 3067
3067 3066
3068 3069
3069 3068
3070 3071
3071 3070
3072 3073
3073 3072
3073 3074
3074 3073
3075 3076
3076 3075
3076 3077
3077 3076
3077 3078
3078 3077
3079 3080
3080 3079
3080 3081
3081 3080
3082 3083
3083 3082
3083 3084
3084 3083
3084 3085
3085 3084
3087 3088
3088 3087
3089 3090
3090 3089
3090 3091
3091 3090
3091 3092
3092 3091
3093 3094
3094 3093
3095 3096
3096 3095
3098 3099
3099 3098
3100 3101
3101 3100
3102 3103
3103 3102
3104 3105
3105 3104
3106 3107
3107 3106
3108 3109
3109 3108
3110 3111
3111 3110
3111 3112
3112 3111
3113 3114
3114 3113
3115 3116
3116 3115
3117 3118
3118 3117
3119 3120
3120 3119
3121 3122
3122 3121
3123 3124
3124 3123
3125 3126
3126 3125
3129 3130
3130 3129
3130 3131
3131 3130
3132 3133
3133 3132
3134 3135
3135 3134
3136 3137
3137 3136
3138 3139
3139 3138
3140 3141
3141 3140
3141 3142
3142 3141
3142 3143
3143 3142
3143 3144
3144 3143
3146 3147
3147 3146
3148 3149
3149 3148
3149 3150
3150 3149
3151 3152
3152 3151
3153 3154
3154 3153
3155 3156
3156 3155
3156 3157
3157 3156
3158 3159
3159 3158
3161 3162
3162 3161
3163 3164
3164 3163
3165 3166
3166 3165
3167 3168
3168 3167
3169 3170
3170 3169
3171 3172
3172 3171
3173 3174
3174 3173
3175 3176
3176 3175
3178 3179
3179 3178
3180 3181
3181 3180
3182 3183
3183 3182
3184 3185
3185 3184
3187 3188
3188 3187
3188 3189
3189 3188
3190 3191
3191 3190
3192 3193
3193 3192
3194 3195
3195 3194
3196 3197
3197 3196
3198 3199
3199 3198
3200 3201
3201 3200
3202 3203
3203 3202
3204 3205
3205 3204
3206 3207
3207 3206
3208 3209
3209 3208
3210 3211
3211 3210
3211 3212
3212 3211
3213 3214
3214 3213
3215 3216
3216 3215
3217 3218
3218 3217
3219 3220
3220 3219
3221 3222
3222 3221
3223 3224
3224 3223
3225 3226
3226 3225
3227 3228
3228 3227
3230 3231
3231 3230
3233 3234
3234 3233
3235 3236
3236 3235
3236 3237
3237 3236
3238 3239
3239 3238
3240 3241
3241 3240
3242 3243
3243 3242
3244 3245
3245 3244
3246 3247
3247 3246
3249 3250
3250 3249
3250 3251
3251 3250
3252 3253
3253 3252
3254 3255
3255 3254
3256 3257
3257 3256
3257 3258
3258 3257
3258 3259
3259 3258
3261 3262
3262 3261
3263 3264
3264 3263
3265 3266
3266 3265
3266 3267
3267 3266
3267 3268
3268 3267
3270 3271
3271 3270
3272 3273
3273 3272
3274 3275
3275 3274
3275 3276
3276 3275
3277 3278
3278 3277
3278 3279
3279 3278
3279 3280
3280 3279
3280 3281
3281 3280
3281 3282
3282 3281
3283 3284
3284 3283
3285 3286
3286 3285
3287 3288
3288 3287
3290 3291
3291 3290
3291 3292
3292 3291
3293 3294
3294 3293
3295 3296
3296 3295
3296 3297
3297 3296
3298 3299
3299 3298
3299 3300
3300 3299
3303 3304
3304 3303
3305 3306
3306 3305
3306 3307
3307 3306
3307 3308
3308 3307
3309 3310
3310 3309
3311 3312
3312 3311
3312 3313
3313 3312
3313 3314
3314 3313
3315 3316
3316 3315
3317 3318
3318 3317
3319 3320
3320 3319
3320 3321
3321 3320
3322 3323
3323 3322
3325 3326
3326 3325
3326 3327
3327 3326
3328 3329
3329 3328
3331 3332
3332 3331
3333 3334
3334 3333
3335 3336
3336 3335
3337 3338
3338 3337
3339 3340
3340 3339
3341 3342
3342 3341
3343 3344
3344 3343
3345 3346
3346 3345
3347 3348
3348 3347
3349 3350
3350 3349
3351 3352
3352 3351
3353 3354
3354 3353
3355 3356
3356 3355
3357 3358
3358 3357
3359 3360
3360 3359
3362 3363
3363 3362
3364 3365
3365 3364
3366 3367
3367 3366
3368 3369
3369 3368
3370 3371
3371 3370
3372 3373
3373 3372
3374 3375
3375 3374
3376 3377
3377 3376
3378 3379
3379 3378
3380 3381
3381 3380
3382 3383
3383 3382
3384 3385
3385 3384
3386 3387
3387 3386
3388 3389
3389 3388
3390 3391
3391 3390
3391 3392
3392 3391
3393 3394
3394 3393
3395 3396
3396 3395
3397 3398
3398 3397
3399 3400
3400 3399
3401 3402
3402 3401
3403 3404
3404 3403
3405 3406
3406 3405
3407 3408
3408 3407
3409 3410
3410 3409
3411 3412
3412 3411
3413 3414
3414 3413
3415 3416
3416 3415
3417 3418
3418 3417
3419 3420
3420 3419
3421 3422
3422 3421
3423 3424
3424 3423
3425 3426
3426 3425
3427 3428
3428 3427
3429 3430
3430 3429
3431 3432
3432 3431
3434 3435
3435 3434
3436 3437
3437 3436
3438 3439
3439 3438
3439 3440
3440 3439
3441 3442
3442 3441
3443 3444
3444 3443
3446 3447
3447 3446
3449 3450
3450 3449
3452 3453
3453 3452
3453 3454
3454 3453
3455 3456
3456 3455
3456 3457
3457 3456
3458 3459
3459 3458
3460 3461
3461 3460
3462 3463
3463 3462
3464 3465
3465 3464
3465 3466
3466 3465
3468 3469
3469 3468
3470 3471
3471 3470
3472 3473
3473 3472
3473 3474
3474 3473
3474 3475
3475 3474
3476 3477
3477 3476
3478 3479
3479 3478
3479 3480
3480 3479
3481 3482
3482 3481
3484 3485
3485 3484
3485 3486
3486 3485
3487 3488
3488 3487
3489 3490
3490 3489
3492 3493
3493 3492
3494 3495
3495 3494
3495 3496
3496 3495
3496 3497
3497 3496
3497 3498
3498 3497
3499 3500
3500 3499
3501 3502
3502 3501
3503 3504
3504 3503
3505 3506
3506 3505
3507 3508
3508 3507
3508 3509
3509 3508
3510 3511
3511 3510
3512 3513
3513 3512
3513 3514
3514 3513
3516 3517
3517 3516
3519 3520
3520 3519
3522 3523
3523 3522
3524 3525
3525 3524
3526 3527
3527 3526
3528 3529
3529 3528
3531 3532
3532 3531
3534 3535
3535 3534
3536 3537
3537 3536
3538 3539
3539 3538
3540 3541
3541 3540
3542 3543
3543 3542
3544 3545
3545 3544
3546 3547
3547 3546
3548 3549
3549 3548
3550 3551
3551 3550
3552 3553
3553 3552
3554 3555
3555 3554
3556 3557
3557 3556
3559 3560
3560 3559
3561 3562
3562 3561
3564 3565
3565 3564
3566 3567
3567 3566
3568 3569
3569 3568
3570 3571
3571 3570
3572 3573
3573 3572
3574 3575
3575 3574
3576 3577
3577 3576
3578 3579
3579 3578
3580 3581
3581 3580
3582 3583
3583 3582
3584 3585
3585 3584
3586 3587
3587 3586
3588 3589
3589 3588
3589 3590
3590 3589
3591 3592
3592 3591
3592 3593
3593 3592
3593 3594
3594 3593
3595 3596
3596 3595
3596 3597
3597 3596
3598 3599
3599 3598
3600 3601
3601 3600
3602 3603
3603 3602
3604 3605
3605 3604
3606 3607
3607 3606
3607 3608
3608 3607
3609 3610
3610 3609
3610 3611
3611 3610
3611 3612
3612 3611
3613 3614
3614 3613
3616 3617
3617 3616
3618 3619
3619 3618
3619 3620
3620 3619
3623 3624
3624 3623
3625 3626
3626 3625
3627 3628
3628 3627
3629 3630
3630 3629
3630 3631
3631 3630
3633 3634
3634 3633
3635 3636
3636 3635
3637 3638
3638 3637
3638 3639
3639 3638
3642 3643
3643 3642
3643 3644
3644 3643
3646 3647
3647 3646
3647 3648
3648 3647
3649 3650
3650 3649
3650 3651
3651 3650
3651 3652
3652 3651
3653 3654
3654 3653
3657 3658
3658 3657
3659 3660
3660 3659
3661 3662
3662 3661
3663 3664
3664 3663
3664 3665
3665 3664
3666 3667
3667 3666
3668 3669
3669 3668
3670 3671
3671 3670
3672 3673
3673 3672
3674 3675
3675 3674
3676 3677
3677 3676
3678 3679
3679 3678
3679 3680
3680 3679
3681 3682
3682 3681
3683 3684
3684 3683
3685 3686
3686 3685
3687 3688
3688 3687
3689 3690
3690 3689
3691 3692
3692 3691
3693 3694
3694 3693
3695 3696
3696 3695
3697 3698
3698 3697
3699 3700
3700 3699
3701 3702
3702 3701
3703 3704
3704 3703
3705 3706
3706 3705
3707 3708
3708 3707
3709 3710
3710 3709
3711 3712
3712 3711
3713 3714
3714 3713
3715 3716
3716 3715
3717 3718
3718 3717
3719 3720
3720 3719
3721 3722
3722 3721
3722 3723
3723 3722
3723 3724
3724 3723
3725 3726
3726 3725
3727 3728
3728 3727
3729 3730
3730 3729
3731 3732
3732 3731
3734 3735
3735 3734
3737 3738
3738 3737
3738 3739
3739 3738
3740 3741
3741 3740
3743 3744
3744 3743
3745 3746
3746 3745
3746 3747
3747 3746
3747 3748
3748 3747
3749 3750
3750 3749
3751 3752
3752 3751
3753 3754
3754 3753
3755 3756
3756 3755
3756 3757
3757 3756
3758 3759
3759 3758
3759 3760
3760 3759
3761 3762
3762 3761
3764 3765
3765 3764
3766 3767
3767 3766
3767 3768
3768 3767
3769 3770
3770 3769
3770 3771
3771 3770
3771 3772
3772 3771
3772 3773
3773 3772
3774 3775
3775 3774
3776 3777
3777 3776
3777 3778
3778 3777
3779 3780
3780 3779
3780 3781
3781 3780
3781 3782
3782 3781
3782 3783
3783 3782
3784 3785
3785 3784
3785 3786
3786 3785
3787 3788
3788 3787
3789 3790
3790 3789
3791 3792
3792 3791
3793 3794
3794 3793
3795 3796
3796 3795
3797 3798
3798 3797
3798 3799
3799 3798
3800 3801
3801 3800
3802 3803
3803 3802
3804 3805
3805 3804
3806 3807
3807 3806
3808 3809
3809 3808
3810 3811
3811 3810
3812 3813
3813 3812
3813 3814
3814 3813
3815 3816
3816 3815
3817 3818
3818 3817
3819 3820
3820 3819
3820 3821
3821 3820
3822 3823
3823 3822
3823 3824
3824 3823
3825 3826
3826 3825
3827 3828
3828 3827
3829 3830
3830 3829
3830 3831
3831 3830
3833 3834
3834 3833
3834 3835
3835 3834
3836 3837
3837 3836
3838 3839
3839 3838
3841 3842
3842 3841
3842 3843
3843 3842
3844 3845
3845 3844
3847 3848
3848 3847
3849 3850
3850 3849
3851 3852
3852 3851
3852 3853
3853 3852
3854 3855
3855 3854
3857 3858
3858 3857
3858 3859
3859 3858
3860 3861
3861 3860
3862 3863
3863 3862
3864 3865
3865 3864
3865 3866
3866 3865
3867 3868
3868 3867
3868 3869
3869 3868
3870 3871
3871 3870
3872 3873
3873 3872
3874 3875
3875 3874
3876 3877
3877 3876
3878 3879
3879 3878
3880 3881
3881 3880
3881 3882
3882 3881
3883 3884
3884 3883
3885 3886
3886 3885
3887 3888
3888 3887
3888 3889
3889 3888
3890 3891
3891 3890
