0 1 1 13
1 5 1 13
2 11 1 9
3 13 1 5
4 21 1 13
5 25 1 9
6 27 1 5
7 35 1 9
8 39 1 5
9 43 1 13
10 45 1 9
11 47 1 5
12 49 1 9
13 51 1 5
14 53 1 9
15 55 1 5
16 67 1 9
17 69 1 5
18 73 1 9
19 75 1 5
20 77 1 9
21 79 1 5
22 81 1 9
23 83 1 5
24 101 1 13
25 105 1 13
26 109 1 5
27 113 1 13
28 115 1 9
29 117 1 5
30 121 1 5
31 123 1 13
32 125 1 9
33 129 1 9
34 131 1 5
35 133 1 13
36 139 1 5
37 145 1 9
38 147 1 5
39 161 1 13
40 163 1 9
41 165 1 5
42 171 1 13
43 173 1 9
44 175 1 5
45 179 1 13
46 187 1 5
47 191 1 9
48 193 1 5
49 201 1 9
50 203 1 5
51 205 1 13
52 209 1 9
53 213 1 5
54 223 1 13
55 227 1 13
56 233 1 9
57 235 1 5
58 245 1 13
59 251 1 9
60 255 1 13
61 261 1 5
62 265 1 13
63 267 1 9
64 271 1 9
65 273 1 5
66 289 1 13
67 293 1 9
68 299 1 9
69 0 2 6
70 2 2 10
71 4 2 7
72 6 2 10
73 10 2 7
74 14 2 11
75 20 2 6
76 22 2 10
77 24 2 6
78 26 2 13
79 28 2 10
80 34 2 6
81 38 2 13
82 40 2 11
83 42 2 6
84 44 2 14
85 48 2 14
86 50 2 13
87 52 2 14
88 56 2 10
89 66 2 6
90 70 2 11
91 72 2 6
92 76 2 14
93 78 2 13
94 80 2 14
95 84 2 10
96 100 2 6
97 102 2 10
98 104 2 7
99 106 2 10
100 108 2 5
101 110 2 11
102 112 2 6
103 114 2 14
104 118 2 11
105 120 2 5
106 122 2 14
107 124 2 14
108 128 2 7
109 132 2 14
110 134 2 10
111 138 2 5
112 140 2 10
113 144 2 6
114 146 2 13
115 148 2 10
116 160 2 7
117 162 2 14
118 166 2 11
119 170 2 6
120 172 2 14
121 176 2 11
122 178 2 6
123 180 2 11
124 186 2 5
125 188 2 10
126 190 2 7
127 194 2 10
128 200 2 6
129 204 2 14
130 206 2 10
131 208 2 7
132 212 2 13
133 214 2 10
134 222 2 6
135 224 2 10
136 226 2 7
137 228 2 10
138 232 2 7
139 236 2 11
140 244 2 6
141 246 2 10
142 250 2 6
143 254 2 7
144 256 2 10
145 260 2 5
146 262 2 10
147 264 2 7
148 266 2 14
149 270 2 7
150 274 2 11
151 288 2 6
152 290 2 11
153 292 2 6
154 294 2 9
155 298 2 7
156 3 3 5
157 5 3 10
158 9 3 5
159 11 3 10
160 13 3 6
161 25 3 6
162 27 3 10
163 33 3 9
164 37 3 7
165 39 3 14
166 49 3 6
167 51 3 10
168 57 3 5
169 59 3 9
170 63 3 13
171 65 3 9
172 69 3 6
173 71 3 9
174 77 3 6
175 79 3 10
176 85 3 5
177 89 3 5
178 95 3 13
179 99 3 9
180 105 3 11
181 107 3 5
182 109 3 14
183 117 3 7
184 121 3 10
185 127 3 5
186 129 3 11
187 135 3 5
188 139 3 10
189 143 3 9
190 145 3 6
191 147 3 10
192 149 3 5
193 153 3 5
194 157 3 9
195 159 3 5
196 161 3 10
197 165 3 6
198 167 3 13
199 175 3 7
200 179 3 6
201 187 3 11
202 189 3 5
203 191 3 10
204 195 3 5
205 199 3 9
206 207 3 5
207 209 3 10
208 211 3 6
209 213 3 11
210 217 3 5
211 221 3 9
212 225 3 5
213 227 3 10
214 229 3 5
215 233 3 10
216 235 3 6
217 239 3 13
218 247 3 5
219 249 3 9
220 253 3 5
221 255 3 10
222 257 3 5
223 261 3 10
224 263 3 5
225 265 3 10
226 269 3 5
227 271 3 10
228 273 3 6
229 275 3 9
230 285 3 13
231 289 3 6
232 291 3 9
233 293 3 6
234 295 3 9
235 297 3 5
236 299 3 11
237 2 4 5
238 4 4 10
239 6 4 5
240 10 4 10
241 24 4 9
242 32 4 7
243 38 4 10
244 42 4 5
245 46 4 13
246 56 4 13
247 58 4 14
248 62 4 7
249 64 4 14
250 68 4 9
251 70 4 7
252 76 4 9
253 80 4 5
254 86 4 11
255 90 4 10
256 94 4 7
257 96 4 10
258 98 4 7
259 102 4 9
260 104 4 6
261 108 4 10
262 112 4 5
263 118 4 10
264 122 4 5
265 126 4 13
266 128 4 14
267 136 4 10
268 142 4 7
269 148 4 5
270 150 4 10
271 152 4 5
272 154 4 10
273 156 4 6
274 160 4 10
275 162 4 5
276 166 4 7
277 168 4 10
278 170 4 5
279 176 4 10
280 186 4 6
281 190 4 11
282 192 4 5
283 196 4 11
284 198 4 6
285 208 4 11
286 212 4 6
287 214 4 13
288 218 4 11
289 220 4 6
290 222 4 9
291 224 4 5
292 226 4 10
293 230 4 11
294 238 4 7
295 240 4 10
296 248 4 14
297 250 4 13
298 254 4 11
299 256 4 5
300 258 4 10
301 262 4 5
302 264 4 10
303 266 4 5
304 270 4 11
305 274 4 7
306 276 4 9
307 284 4 7
308 286 4 10
309 290 4 7
310 294 4 7
311 296 4 13
312 298 4 14
313 1 5 5
314 3 5 10
315 5 5 5
316 7 5 10
317 13 5 13
318 19 5 9
319 23 5 7
320 33 5 10
321 39 5 5
322 43 5 10
323 45 5 6
324 47 5 10
325 49 5 5
326 55 5 7
327 57 5 10
328 61 5 5
329 63 5 10
330 67 5 6
331 69 5 13
332 71 5 10
333 75 5 6
334 77 5 9
335 79 5 5
336 81 5 10
337 85 5 7
338 87 5 9
339 91 5 5
340 95 5 10
341 97 5 5
342 99 5 10
343 101 5 6
344 103 5 9
345 111 5 5
346 113 5 10
347 119 5 5
348 123 5 10
349 125 5 6
350 127 5 11
351 137 5 5
352 139 5 9
353 141 5 5
354 143 5 11
355 145 5 5
356 149 5 10
357 151 5 5
358 153 5 10
359 163 5 10
360 165 5 5
361 167 5 10
362 169 5 5
363 171 5 10
364 177 5 5
365 181 5 9
366 183 5 5
367 185 5 9
368 189 5 7
369 193 5 10
370 195 5 6
371 197 5 9
372 207 5 6
373 211 5 9
374 213 5 6
375 215 5 10
376 217 5 6
377 219 5 9
378 221 5 6
379 225 5 10
380 229 5 6
381 231 5 9
382 233 5 5
383 235 5 9
384 239 5 10
385 241 5 5
386 243 5 9
387 249 5 6
388 251 5 10
389 253 5 7
390 257 5 10
391 259 5 5
392 263 5 10
393 265 5 5
394 267 5 10
395 269 5 6
396 275 5 14
397 285 5 11
398 287 5 5
399 291 5 10
400 295 5 14
401 297 5 10
402 2 6 11
403 6 6 11
404 10 6 9
405 12 6 7
406 14 6 10
407 18 6 6
408 24 6 11
409 38 6 5
410 40 6 10
411 50 6 11
412 52 6 5
413 56 6 10
414 58 6 5
415 62 6 11
416 68 6 7
417 70 6 10
418 76 6 6
419 80 6 10
420 82 6 5
421 86 6 14
422 88 6 13
423 92 6 10
424 98 6 11
425 102 6 6
426 108 6 13
427 112 6 11
428 116 6 9
429 118 6 5
430 120 6 10
431 126 6 6
432 130 6 5
433 138 6 14
434 140 6 13
435 142 6 14
436 146 6 10
437 150 6 5
438 152 6 10
439 154 6 5
440 160 6 9
441 164 6 5
442 166 6 10
443 170 6 11
444 174 6 5
445 178 6 10
446 180 6 6
447 184 6 14
448 186 6 9
449 190 6 10
450 196 6 6
451 206 6 9
452 210 6 6
453 212 6 9
454 218 6 7
455 228 6 9
456 230 6 6
457 232 6 13
458 234 6 14
459 236 6 9
460 242 6 14
461 244 6 13
462 252 6 5
463 254 6 10
464 258 6 5
465 260 6 10
466 264 6 5
467 266 6 10
468 284 6 7
469 288 6 11
470 1 7 6
471 3 7 9
472 5 7 7
473 7 7 9
474 9 7 6
475 13 7 10
476 15 7 5
477 17 7 9
478 23 7 7
479 33 7 9
480 37 7 5
481 39 7 10
482 41 7 5
483 47 7 9
484 49 7 6
485 53 7 11
486 57 7 5
487 59 7 11
488 61 7 6
489 69 7 10
490 71 7 5
491 73 7 13
492 81 7 5
493 83 7 10
494 87 7 6
495 89 7 11
496 93 7 5
497 95 7 9
498 97 7 6
499 99 7 13
500 107 7 6
501 109 7 11
502 111 7 6
503 113 7 9
504 115 7 6
505 119 7 10
506 121 7 5
507 125 7 9
508 129 7 5
509 131 7 10
510 139 7 6
511 141 7 10
512 147 7 5
513 151 7 10
514 153 7 5
515 155 7 10
516 159 7 7
517 165 7 11
518 169 7 6
519 175 7 10
520 185 7 6
521 187 7 9
522 191 7 5
523 195 7 9
524 205 7 6
525 207 7 9
526 211 7 6
527 213 7 13
528 219 7 10
529 221 7 5
530 225 7 9
531 227 7 7
532 229 7 9
533 231 7 6
534 233 7 10
535 235 7 6
536 239 7 9
537 243 7 6
538 245 7 10
539 253 7 10
540 255 7 5
541 259 7 10
542 261 7 5
543 265 7 10
544 267 7 5
545 269 7 9
546 271 7 5
547 273 7 9
548 275 7 5
549 279 7 9
550 281 7 5
551 285 7 10
552 287 7 6
553 291 7 13
554 293 7 9
555 295 7 5
556 299 7 9
557 2 8 7
558 6 8 14
559 8 8 9
560 14 8 5
561 16 8 14
562 20 8 13
563 24 8 11
564 32 8 6
565 36 8 13
566 38 8 10
567 40 8 5
568 42 8 10
569 46 8 6
570 48 8 9
571 52 8 6
572 56 8 5
573 58 8 14
574 70 8 5
575 72 8 14
576 74 8 11
577 76 8 5
578 82 8 11
579 88 8 6
580 92 8 13
581 94 8 14
582 98 8 6
583 100 8 10
584 102 8 5
585 106 8 9
586 108 8 6
587 110 8 9
588 112 8 6
589 114 8 9
590 120 8 5
591 122 8 10
592 124 8 6
593 126 8 9
594 128 8 5
595 130 8 11
596 134 8 13
597 136 8 13
598 142 8 5
599 144 8 13
600 148 8 10
601 152 8 5
602 154 8 11
603 160 8 10
604 164 8 6
605 168 8 9
606 186 8 6
607 190 8 13
608 192 8 10
609 194 8 6
610 196 8 13
611 202 8 13
612 206 8 6
613 210 8 9
614 212 8 7
615 214 8 10
616 222 8 10
617 224 8 6
618 228 8 14
619 230 8 9
620 238 8 6
621 242 8 9
622 256 8 11
623 262 8 10
624 266 8 5
625 268 8 14
626 272 8 14
627 276 8 11
628 278 8 6
629 282 8 10
630 290 8 6
631 292 8 14
632 294 8 13
633 296 8 10
634 298 8 7
635 1 9 5
636 3 9 10
637 7 9 6
638 9 9 13
639 11 9 9
640 13 9 5
641 15 9 10
642 19 9 6
643 21 9 10
644 23 9 6
645 29 9 13
646 35 9 6
647 37 9 11
648 39 9 5
649 41 9 10
650 43 9 5
651 47 9 6
652 51 9 9
653 55 9 5
654 57 9 11
655 61 9 5
656 71 9 10
657 73 9 6
658 77 9 10
659 81 9 6
660 87 9 9
661 91 9 7
662 93 9 10
663 101 9 5
664 103 9 10
665 105 9 6
666 107 9 9
667 109 9 6
668 111 9 9
669 113 9 6
670 117 9 9
671 119 9 5
672 121 9 10
673 125 9 6
674 129 9 14
675 133 9 6
676 135 9 14
677 137 9 10
678 143 9 14
679 145 9 10
680 149 9 5
681 153 9 14
682 155 9 9
683 161 9 5
684 163 9 9
685 167 9 7
686 169 9 9
687 175 9 9
688 189 9 6
689 191 9 10
690 195 9 6
691 197 9 10
692 201 9 6
693 203 9 10
694 209 9 6
695 213 9 10
696 215 9 5
697 219 9 9
698 229 9 6
699 241 9 6
700 245 9 9
701 249 9 5
702 253 9 9
703 255 9 6
704 259 9 9
705 263 9 5
706 265 9 13
707 267 9 10
708 275 9 7
709 277 9 9
710 283 9 5
711 289 9 9
712 293 9 6
713 295 9 10
714 297 9 5
715 299 9 11
716 2 10 10
717 6 10 9
718 8 10 6
719 10 10 14
720 14 10 10
721 28 10 6
722 30 10 10
723 32 10 5
724 34 10 9
725 36 10 6
726 40 10 11
727 44 10 11
728 50 10 7
729 54 10 13
730 56 10 14
731 60 10 5
732 62 10 10
733 80 10 9
734 86 10 6
735 88 10 9
736 92 10 11
737 98 10 13
738 102 10 10
739 106 10 7
740 108 10 9
741 110 10 6
742 116 10 6
743 120 10 10
744 122 10 5
745 150 10 10
746 154 10 7
747 158 10 9
748 160 10 5
749 162 10 14
750 168 10 14
751 170 10 9
752 174 10 7
753 180 10 13
754 182 10 13
755 186 10 13
756 192 10 5
757 194 10 9
758 198 10 5
759 204 10 5
760 208 10 9
761 216 10 11
762 218 10 6
763 220 10 13
764 222 10 13
765 228 10 9
766 238 10 5
767 244 10 7
768 248 10 13
769 250 10 10
770 252 10 6
771 254 10 9
772 258 10 7
773 264 10 14
774 266 10 11
775 270 10 13
776 276 10 14
777 284 10 10
778 288 10 6
779 290 10 9
780 296 10 5
781 298 10 14
782 5 11 7
783 15 11 5
784 19 11 13
785 27 11 9
786 31 11 5
787 33 11 14
788 39 11 6
789 41 11 9
790 43 11 6
791 47 11 9
792 49 11 5
793 51 11 10
794 53 11 6
795 55 11 10
796 59 11 5
797 61 11 10
798 65 11 5
799 71 11 9
800 73 11 5
801 77 11 9
802 79 11 7
803 81 11 13
804 85 11 9
805 87 11 6
806 89 11 9
807 91 11 6
808 93 11 9
809 97 11 7
810 99 11 10
811 103 11 5
812 107 11 14
813 113 11 5
814 115 11 9
815 123 11 11
816 125 11 5
817 129 11 9
818 131 11 5
819 145 11 9
820 151 11 5
821 155 11 11
822 157 11 6
823 161 11 10
824 169 11 6
825 175 11 11
826 179 11 6
827 181 11 14
828 183 11 10
829 185 11 7
830 187 11 10
831 191 11 5
832 193 11 14
833 195 11 9
834 197 11 5
835 199 11 10
836 201 11 5
837 205 11 10
838 207 11 6
839 213 11 9
840 215 11 6
841 217 11 9
842 219 11 6
843 221 11 14
844 223 11 10
845 227 11 7
846 233 11 13
847 239 11 10
848 241 11 5
849 245 11 10
850 247 11 6
851 249 11 10
852 253 11 6
853 255 11 9
854 257 11 5
855 259 11 10
856 265 11 6
857 267 11 9
858 269 11 6
859 271 11 10
860 285 11 5
861 287 11 9
862 289 11 6
863 293 11 9
864 295 11 5
865 297 11 10
866 4 12 13
867 6 12 10
868 8 12 5
869 12 12 13
870 16 12 10
871 18 12 6
872 20 12 11
873 26 12 7
874 28 12 9
875 32 12 11
876 38 12 9
877 40 12 6
878 42 12 9
879 46 12 7
880 50 12 11
881 58 12 5
882 60 12 10
883 62 12 5
884 66 12 11
885 70 12 6
886 74 12 11
887 76 12 6
888 80 12 14
889 82 12 10
890 84 12 7
891 88 12 7
892 92 12 7
893 98 12 11
894 104 12 10
895 110 12 5
896 112 12 13
897 114 12 14
898 120 12 9
899 122 12 6
900 124 12 13
901 126 12 10
902 128 12 7
903 132 12 10
904 144 12 7
905 148 12 9
906 150 12 5
907 152 12 10
908 154 12 7
909 156 12 9
910 162 12 5
911 174 12 7
912 178 12 9
913 186 12 11
914 190 12 13
915 192 12 11
916 194 12 6
917 198 12 10
918 200 12 5
919 202 12 11
920 212 12 6
921 214 12 9
922 216 12 6
923 224 12 5
924 228 12 10
925 232 12 6
926 234 12 11
927 240 12 5
928 242 12 10
929 252 12 9
930 254 12 6
931 258 12 10
932 266 12 7
933 272 12 5
934 276 12 5
935 280 12 5
936 284 12 13
937 286 12 14
938 288 12 9
939 292 12 6
940 296 12 11
941 3 13 6
942 5 13 10
943 7 13 5
944 9 13 10
945 11 13 6
946 13 13 11
947 19 13 6
948 21 13 9
949 27 13 14
950 29 13 9
951 31 13 6
952 35 13 9
953 37 13 6
954 39 13 9
955 41 13 6
956 47 13 11
957 49 13 6
958 59 13 10
959 61 13 5
960 63 13 11
961 65 13 7
962 73 13 6
963 75 13 9
964 83 13 5
965 85 13 10
966 87 13 5
967 89 13 10
968 91 13 5
969 93 13 10
970 97 13 6
971 99 13 9
972 105 13 5
973 107 13 9
974 109 13 5
975 111 13 14
976 113 13 10
977 119 13 6
978 121 13 9
979 123 13 6
980 125 13 11
981 127 13 5
982 129 13 11
983 133 13 5
984 137 13 9
985 141 13 9
986 143 13 5
987 145 13 10
988 147 13 7
989 151 13 10
990 155 13 14
991 161 13 5
992 163 13 10
993 173 13 13
994 175 13 10
995 177 13 6
996 183 13 9
997 185 13 6
998 187 13 9
999 189 13 6
1000 191 13 14
1001 201 13 14
1002 211 13 9
1003 213 13 6
1004 215 13 9
1005 219 13 5
1006 225 13 10
1007 229 13 5
1008 231 13 9
1009 233 13 6
1010 235 13 9
1011 239 13 13
1012 241 13 10
1013 245 13 13
1014 249 13 9
1015 251 13 7
1016 253 13 9
1017 265 13 5
1018 267 13 10
1019 269 13 5
1020 273 13 10
1021 275 13 5
1022 277 13 10
1023 279 13 5
1024 281 13 10
1025 283 13 6
1026 285 13 10
1027 287 13 6
1028 289 13 9
1029 295 13 6
1030 297 13 9
1031 2 14 9
1032 8 14 11
1033 12 14 6
1034 18 14 9
1035 20 14 6
1036 22 14 9
1037 28 14 7
1038 30 14 9
1039 34 14 7
1040 36 14 9
1041 38 14 6
1042 40 14 9
1043 46 14 6
1044 60 14 5
1045 62 14 14
1046 64 14 13
1047 66 14 10
1048 72 14 9
1049 74 14 6
1050 84 14 10
1051 86 14 5
1052 88 14 10
1053 90 14 5
1054 92 14 11
1055 96 14 9
1056 98 14 6
1057 102 14 9
1058 104 14 5
1059 106 14 14
1060 110 14 10
1061 116 14 5
1062 118 14 9
1063 120 14 6
1064 122 14 9
1065 124 14 6
1066 128 14 14
1067 134 14 10
1068 136 14 7
1069 140 14 7
1070 144 14 11
1071 146 14 5
1072 148 14 10
1073 160 14 5
1074 162 14 10
1075 164 14 5
1076 168 14 9
1077 172 14 6
1078 174 14 11
1079 182 14 6
1080 186 14 6
1081 188 14 9
1082 196 14 13
1083 210 14 7
1084 212 14 9
1085 214 14 6
1086 216 14 13
1087 220 14 10
1088 230 14 14
1089 232 14 9
1090 234 14 6
1091 238 14 7
1092 240 14 10
1093 244 14 7
1094 246 14 10
1095 248 14 7
1096 252 14 14
1097 256 14 13
1098 262 14 9
1099 264 14 5
1100 266 14 10
1101 268 14 5
1102 270 14 10
1103 274 14 5
1104 276 14 11
1105 280 14 11
1106 288 14 7
1107 294 14 9
1108 296 14 6
1109 298 14 9
1110 1 15 7
1111 5 15 9
1112 7 15 6
1113 11 15 9
1114 17 15 7
1115 21 15 6
1116 25 15 9
1117 29 15 14
1118 33 15 13
1119 35 15 14
1120 39 15 6
1121 45 15 9
1122 49 15 5
1123 55 15 9
1124 59 15 5
1125 61 15 10
1126 63 15 6
1127 65 15 10
1128 67 15 5
1129 69 15 9
1130 71 15 6
1131 73 15 9
1132 85 15 5
1133 87 15 10
1134 91 15 14
1135 95 15 7
1136 97 15 9
1137 101 15 6
1138 105 15 11
1139 111 15 5
1140 117 15 14
1141 121 15 6
1142 123 15 9
1143 137 15 11
1144 139 15 5
1145 141 15 11
1146 143 15 6
1147 147 15 10
1148 149 15 5
1149 161 15 10
1150 163 15 5
1151 165 15 10
1152 167 15 6
1153 171 15 9
1154 173 15 6
1155 175 15 9
1156 177 15 5
1157 179 15 9
1158 187 15 6
1159 193 15 9
1160 195 15 7
1161 197 15 10
1162 199 15 5
1163 209 15 13
1164 211 15 14
1165 215 15 6
1166 217 15 10
1167 221 15 5
1168 231 15 6
1169 233 15 9
1170 237 15 5
1171 239 15 10
1172 241 15 5
1173 243 15 13
1174 245 15 10
1175 247 15 5
1176 249 15 10
1177 255 15 6
1178 257 15 10
1179 261 15 6
1180 265 15 10
1181 267 15 5
1182 269 15 10
1183 273 15 5
1184 275 15 14
1185 277 15 9
1186 279 15 6
1187 281 15 9
1188 283 15 5
1189 289 15 10
1190 293 15 6
1191 295 15 9
1192 297 15 7
1193 299 15 9
1194 2 16 11
1195 4 16 6
1196 10 16 7
1197 18 16 10
1198 24 16 6
1199 32 16 7
1200 34 16 10
1201 44 16 6
1202 48 16 13
1203 50 16 10
1204 54 16 7
1205 60 16 10
1206 66 16 5
1207 68 16 14
1208 70 16 9
1209 72 16 7
1210 78 16 9
1211 80 16 5
1212 84 16 5
1213 86 16 10
1214 96 16 14
1215 104 16 6
1216 112 16 11
1217 122 16 7
1218 128 16 9
1219 134 16 9
1220 136 16 6
1221 138 16 13
1222 140 16 14
1223 142 16 9
1224 150 16 10
1225 164 16 11
1226 170 16 6
1227 172 16 9
1228 174 16 6
1229 176 16 13
1230 178 16 14
1231 186 16 9
1232 192 16 7
1233 196 16 11
1234 200 16 11
1235 208 16 7
1236 210 16 10
1237 218 16 5
1238 222 16 11
1239 226 16 5
1240 232 16 6
1241 236 16 13
1242 238 16 10
1243 242 16 14
1244 244 16 11
1245 248 16 10
1246 250 16 5
1247 254 16 9
1248 258 16 5
1249 260 16 9
1250 266 16 5
1251 268 16 10
1252 270 16 5
1253 272 16 13
1254 274 16 10
1255 276 16 7
1256 278 16 9
1257 280 16 6
1258 284 16 10
1259 292 16 9
1260 294 16 7
1261 298 16 14
1262 1 17 6
1263 3 17 9
1264 7 17 5
1265 11 17 10
1266 19 17 5
1267 23 17 9
1268 27 17 5
1269 29 17 9
1270 33 17 11
1271 35 17 5
1272 43 17 9
1273 47 17 6
1274 49 17 10
1275 51 17 5
1276 55 17 10
1277 63 17 9
1278 65 17 5
1279 67 17 10
1280 69 17 6
1281 73 17 11
1282 77 17 6
1283 81 17 10
1284 83 17 5
1285 85 17 10
1286 87 17 5
1287 93 17 9
1288 99 17 5
1289 103 17 9
1290 111 17 6
1291 113 17 9
1292 115 17 5
1293 119 17 9
1294 121 17 5
1295 123 17 10
1296 127 17 6
1297 129 17 9
1298 133 17 6
1299 135 17 9
1300 137 17 6
1301 139 17 10
1302 141 17 6
1303 143 17 9
1304 145 17 5
1305 151 17 5
1306 153 17 9
1307 157 17 5
1308 161 17 9
1309 163 17 6
1310 165 17 9
1311 167 17 5
1312 169 17 9
1313 171 17 6
1314 173 17 9
1315 175 17 6
1316 177 17 10
1317 185 17 6
1318 187 17 9
1319 189 17 5
1320 193 17 10
1321 195 17 6
1322 197 17 9
1323 199 17 6
1324 201 17 13
1325 203 17 9
1326 207 17 5
1327 209 17 10
1328 211 17 5
1329 213 17 13
1330 217 17 5
1331 219 17 10
1332 221 17 7
1333 223 17 9
1334 225 17 5
1335 227 17 10
1336 235 17 6
1337 237 17 10
1338 243 17 6
1339 245 17 9
1340 251 17 10
1341 253 17 6
1342 257 17 13
1343 259 17 14
1344 265 17 5
1345 267 17 10
1346 271 17 14
1347 273 17 10
1348 275 17 5
1349 277 17 14
1350 285 17 5
1351 289 17 9
1352 291 17 7
1353 295 17 10
1354 2 18 7
1355 8 18 11
1356 14 18 5
1357 16 18 13
1358 20 18 11
1359 22 18 6
1360 26 18 13
1361 28 18 14
1362 30 18 9
1363 32 18 6
1364 36 18 11
1365 42 18 6
1366 46 18 9
1367 50 18 5
1368 52 18 10
1369 58 18 13
1370 60 18 9
1371 62 18 7
1372 66 18 10
1373 72 18 7
1374 76 18 9
1375 82 18 5
1376 84 18 10
1377 86 18 5
1378 88 18 10
1379 92 18 6
1380 96 18 5
1381 100 18 10
1382 102 18 6
1383 104 18 9
1384 108 18 13
1385 110 18 9
1386 112 18 6
1387 114 18 13
1388 116 18 10
1389 118 18 7
1390 122 18 11
1391 128 18 7
1392 132 18 9
1393 134 18 7
1394 142 18 7
1395 146 18 10
1396 148 18 5
1397 152 18 14
1398 156 18 13
1399 158 18 10
1400 160 18 7
1401 162 18 9
1402 164 18 6
1403 168 18 14
1404 170 18 9
1405 172 18 7
1406 178 18 5
1407 180 18 13
1408 184 18 9
1409 186 18 6
1410 188 18 13
1411 190 18 10
1412 196 18 6
1413 198 18 9
1414 200 18 6
1415 202 18 14
1416 206 18 13
1417 208 18 10
1418 210 18 5
1419 212 18 14
1420 214 18 11
1421 218 18 11
1422 222 18 14
1423 224 18 13
1424 226 18 11
1425 234 18 9
1426 240 18 13
1427 244 18 7
1428 256 18 7
1429 258 18 10
1430 264 18 5
1431 266 18 10
1432 274 18 5
1433 276 18 10
1434 284 18 13
1435 286 18 10
1436 288 18 6
1437 292 18 10
1438 298 18 5
1439 3 19 10
1440 7 19 6
1441 15 19 14
1442 17 19 10
1443 19 19 6
1444 21 19 9
1445 25 19 7
1446 27 19 10
1447 29 19 6
1448 31 19 9
1449 35 19 6
1450 37 19 9
1451 39 19 5
1452 41 19 9
1453 45 19 7
1454 49 19 5
1455 51 19 10
1456 53 19 5
1457 55 19 9
1458 57 19 7
1459 59 19 14
1460 63 19 10
1461 67 19 5
1462 73 19 10
1463 75 19 6
1464 83 19 10
1465 85 19 5
1466 87 19 10
1467 89 19 5
1468 91 19 9
1469 95 19 5
1470 97 19 11
1471 103 19 6
1472 105 19 9
1473 107 19 6
1474 109 19 14
1475 113 19 7
1476 115 19 10
1477 117 19 5
1478 119 19 10
1479 121 19 6
1480 123 19 9
1481 127 19 5
1482 129 19 10
1483 131 19 6
1484 135 19 10
1485 137 19 5
1486 139 19 9
1487 141 19 5
1488 143 19 10
1489 147 19 5
1490 149 19 10
1491 155 19 7
1492 157 19 10
1493 159 19 5
1494 161 19 14
1495 169 19 6
1496 173 19 11
1497 179 19 14
1498 181 19 10
1499 183 19 6
1500 185 19 9
1501 187 19 7
1502 189 19 10
1503 195 19 9
1504 197 19 6
1505 199 19 9
1506 205 19 6
1507 207 19 10
1508 209 19 5
1509 211 19 10
1510 213 19 6
1511 215 19 9
1512 217 19 6
1513 219 19 9
1514 223 19 6
1515 225 19 15
1516 233 19 6
1517 237 19 9
1518 239 19 6
1519 241 19 10
1520 243 19 5
1521 245 19 10
1522 249 19 5
1523 253 19 9
1524 255 19 5
1525 257 19 10
1526 259 19 5
1527 261 19 9
1528 263 19 5
1529 265 19 10
1530 267 19 5
1531 271 19 9
1532 273 19 5
1533 275 19 10
1534 277 19 5
1535 279 19 9
1536 283 19 6
1537 285 19 10
1538 297 19 13
1539 299 19 10
1540 4 20 5
1541 20 20 7
1542 26 20 10
1543 30 20 6
1544 36 20 7
1545 40 20 14
1546 44 20 13
1547 46 20 10
1548 48 20 5
1549 50 20 10
1550 52 20 5
1551 54 20 14
1552 58 20 10
1553 68 20 11
1554 84 20 5
1555 86 20 10
1556 90 20 14
1557 92 20 13
1558 96 20 14
1559 100 20 13
1560 104 20 7
1561 114 20 11
1562 118 20 10
1563 122 20 6
1564 128 20 11
1565 138 20 14
1566 140 20 13
1567 142 20 10
1568 144 20 5
1569 148 20 11
1570 150 20 5
1571 156 20 11
1572 160 20 11
1573 164 20 5
1574 172 20 7
1575 184 20 7
1576 188 20 10
1577 194 20 7
1578 198 20 6
1579 200 20 9
1580 204 20 9
1581 208 20 5
1582 210 20 10
1583 214 20 7
1584 218 20 7
1585 224 20 6
1586 226 20 10
1587 228 20 5
1588 232 20 9
1589 236 20 7
1590 242 20 5
1591 244 20 10
1592 246 20 5
1593 250 20 10
1594 252 20 6
1595 256 20 11
1596 258 20 5
1597 260 20 14
1598 264 20 11
1599 266 20 5
1600 268 20 10
1601 270 20 7
1602 274 20 11
1603 276 20 5
1604 278 20 14
1605 286 20 5
1606 292 20 9
1607 296 20 6
1608 298 20 11
1609 1 21 5
1610 5 21 11
1611 7 21 5
1612 13 21 9
1613 15 21 5
1614 17 21 9
1615 19 21 5
1616 21 21 10
1617 27 21 5
1618 29 21 9
1619 35 21 5
1620 37 21 10
1621 43 21 6
1622 45 21 10
1623 47 21 5
1624 49 21 10
1625 51 21 5
1626 53 21 10
1627 59 21 5
1628 63 21 9
1629 67 21 6
1630 69 21 9
1631 71 21 5
1632 73 21 13
1633 81 21 9
1634 83 21 5
1635 85 21 10
1636 91 21 6
1637 93 21 10
1638 99 21 6
1639 101 21 11
1640 103 21 5
1641 105 21 11
1642 107 21 5
1643 111 21 9
1644 113 21 6
1645 115 21 9
1646 119 21 5
1647 121 21 9
1648 127 21 7
1649 129 21 13
1650 139 21 6
1651 141 21 10
1652 143 21 5
1653 145 21 11
1654 147 21 6
1655 151 21 10
1656 155 21 6
1657 157 21 9
1658 159 21 6
1659 165 21 10
1660 171 21 5
1661 173 21 10
1662 175 21 5
1663 181 21 9
1664 183 21 5
1665 185 21 10
1666 189 21 5
1667 195 21 11
1668 199 21 6
1669 201 21 9
1670 203 21 7
1671 209 21 10
1672 211 21 5
1673 215 21 11
1674 217 21 5
1675 219 21 10
1676 221 21 5
1677 223 21 9
1678 227 21 5
1679 229 21 10
1680 231 21 6
1681 233 21 9
1682 235 21 5
1683 237 21 10
1684 239 21 5
1685 243 21 10
1686 245 21 5
1687 247 21 10
1688 255 21 7
1689 259 21 10
1690 263 21 6
1691 267 21 10
1692 269 21 5
1693 271 21 10
1694 273 21 7
1695 277 21 10
1696 283 21 5
1697 287 21 10
1698 291 21 6
1699 295 21 9
1700 297 21 6
1701 299 21 9
1702 2 22 11
1703 4 22 6
1704 8 22 10
1705 12 22 6
1706 16 22 14
1707 20 22 11
1708 28 22 14
1709 32 22 9
1710 34 22 5
1711 36 22 11
1712 42 22 9
1713 46 22 5
1714 48 22 10
1715 50 22 5
1716 52 22 10
1717 54 22 5
1718 60 22 11
1719 62 22 6
1720 64 22 13
1721 68 22 7
1722 72 22 14
1723 74 22 11
1724 80 22 7
1725 84 22 11
1726 94 22 5
1727 100 22 7
1728 104 22 14
1729 108 22 10
1730 110 22 6
1731 112 22 9
1732 114 22 6
1733 118 22 13
1734 120 22 14
1735 122 22 13
1736 124 22 9
1737 128 22 14
1738 130 22 11
1739 136 22 5
1740 142 22 5
1741 144 22 14
1742 146 22 9
1743 154 22 9
1744 156 22 6
1745 158 22 9
1746 166 22 5
1747 170 22 13
1748 172 22 11
1749 176 22 10
1750 180 22 6
1751 182 22 13
1752 184 22 10
1753 186 22 5
1754 190 22 10
1755 194 22 6
1756 196 22 13
1757 200 22 7
1758 204 22 11
1759 210 22 5
1760 212 22 10
1761 214 22 6
1762 218 22 11
1763 222 22 14
1764 228 22 10
1765 232 22 7
1766 236 22 10
1767 238 22 5
1768 240 22 10
1769 246 22 11
1770 248 22 5
1771 252 22 13
1772 256 22 11
1773 262 22 9
1774 270 22 11
1775 274 22 11
1776 284 22 10
1777 288 22 5
1778 294 22 6
1779 296 22 9
1780 298 22 7
1781 1 23 6
1782 3 23 9
1783 9 23 5
1784 11 23 9
1785 19 23 6
1786 21 23 9
1787 31 23 6
1788 33 23 13
1789 35 23 14
1790 41 23 6
1791 43 23 9
1792 45 23 5
1793 47 23 10
1794 51 23 11
1795 53 23 5
1796 55 23 10
1797 59 23 6
1798 61 23 9
1799 63 23 6
1800 65 23 10
1801 67 23 5
1802 69 23 10
1803 73 23 6
1804 75 23 9
1805 79 23 13
1806 81 23 10
1807 83 23 6
1808 85 23 9
1809 91 23 5
1810 93 23 13
1811 95 23 10
1812 99 23 5
1813 101 23 10
1814 111 23 6
1815 113 23 9
1816 117 23 6
1817 119 23 10
1818 121 23 6
1819 123 23 14
1820 125 23 9
1821 129 23 6
1822 131 23 13
1823 133 23 9
1824 135 23 5
1825 137 23 10
1826 141 23 5
1827 143 23 10
1828 145 23 7
1829 153 23 6
1830 157 23 6
1831 163 23 13
1832 167 23 10
1833 169 23 6
1834 171 23 14
1835 177 23 5
1836 179 23 9
1837 181 23 6
1838 183 23 10
1839 185 23 5
1840 187 23 10
1841 191 23 5
1842 193 23 9
1843 195 23 6
1844 197 23 10
1845 199 23 5
1846 201 23 10
1847 203 23 7
1848 209 23 5
1849 211 23 10
1850 217 23 6
1851 219 23 9
1852 229 23 5
1853 231 23 13
1854 233 23 10
1855 237 23 5
1856 239 23 10
1857 241 23 5
1858 243 23 9
1859 245 23 6
1860 249 23 10
1861 251 23 7
1862 253 23 10
1863 255 23 6
1864 259 23 9
1865 261 23 6
1866 263 23 13
1867 269 23 6
1868 271 23 9
1869 273 23 6
1870 277 23 9
1871 285 23 5
1872 289 23 10
1873 293 23 9
1874 295 23 6
1875 299 23 11
1876 2 24 7
1877 8 24 13
1878 10 24 14
1879 14 24 13
1880 20 24 7
1881 26 24 13
1882 32 24 6
1883 34 24 10
1884 38 24 5
1885 42 24 6
1886 44 24 13
1887 46 24 10
1888 50 24 7
1889 54 24 11
1890 60 24 6
1891 62 24 9
1892 66 24 5
1893 68 24 10
1894 74 24 6
1895 76 24 9
1896 78 24 6
1897 80 24 11
1898 84 24 7
1899 92 24 14
1900 94 24 10
1901 96 24 5
1902 100 24 10
1903 104 24 9
1904 110 24 9
1905 112 24 6
1906 114 24 9
1907 124 24 6
1908 126 24 9
1909 130 24 6
1910 132 24 14
1911 136 24 11
1912 140 24 13
1913 142 24 11
1914 146 24 11
1915 162 24 7
1916 164 24 10
1917 176 24 13
1918 178 24 14
1919 184 24 5
1920 186 24 10
1921 188 24 5
1922 190 24 13
1923 192 24 14
1924 194 24 9
1925 198 24 5
1926 200 24 10
1927 202 24 5
1928 204 24 10
1929 210 24 11
1930 216 24 9
1931 218 24 6
1932 220 24 13
1933 228 24 13
1934 230 24 14
1935 232 24 10
1936 234 24 5
1937 238 24 11
1938 240 24 5
1939 242 24 14
1940 244 24 9
1941 252 24 10
1942 258 24 7
1943 262 24 7
1944 264 24 10
1945 270 24 7
1946 276 24 7
1947 282 24 13
1948 286 24 10
1949 292 24 7
1950 294 24 9
1951 298 24 7
1952 1 25 5
1953 3 25 10
1954 7 25 6
1955 9 25 11
1956 13 25 6
1957 15 25 10
1958 19 25 5
1959 21 25 10
1960 25 25 6
1961 27 25 10
1962 29 25 5
1963 31 25 9
1964 35 25 5
1965 39 25 10
1966 43 25 6
1967 45 25 10
1968 47 25 5
1969 51 25 10
1970 53 25 6
1971 55 25 9
1972 57 25 5
1973 59 25 9
1974 61 25 7
1975 63 25 9
1976 67 25 11
1977 69 25 5
1978 73 25 9
1979 75 25 6
1980 77 25 9
1981 79 25 6
1982 85 25 10
1983 97 25 11
1984 103 25 6
1985 105 25 9
1986 109 25 7
1987 111 25 9
1988 113 25 6
1989 115 25 9
1990 117 25 5
1991 121 25 9
1992 125 25 6
1993 129 25 9
1994 135 25 6
1995 137 25 9
1996 139 25 7
1997 141 25 14
1998 145 25 6
1999 149 25 9
2000 151 25 5
2001 157 25 13
2002 161 25 5
2003 163 25 10
2004 165 25 5
2005 169 25 9
2006 171 25 5
2007 173 25 9
2008 175 25 6
2009 177 25 10
2010 183 25 5
2011 185 25 10
2012 187 25 5
2013 189 25 14
2014 191 25 10
2015 193 25 6
2016 195 25 9
2017 197 25 5
2018 199 25 10
2019 203 25 10
2020 205 25 5
2021 207 25 9
2022 209 25 7
2023 211 25 9
2024 215 25 7
2025 219 25 6
2026 221 25 11
2027 227 25 6
2028 229 25 11
2029 233 25 5
2030 235 25 10
2031 237 25 7
2032 241 25 10
2033 243 25 6
2034 245 25 9
2035 247 25 5
2036 249 25 9
2037 253 25 5
2038 255 25 9
2039 259 25 10
2040 261 25 5
2041 263 25 11
2042 265 25 5
2043 271 25 10
2044 275 25 5
2045 277 25 10
2046 281 25 7
2047 283 25 10
2048 291 25 13
2049 293 25 14
2050 295 25 9
2051 297 25 5
2052 299 25 10
2053 2 26 11
2054 8 26 7
2055 20 26 11
2056 24 26 9
2057 28 26 5
2058 30 26 14
2059 32 26 9
2060 34 26 5
2061 36 26 10
2062 40 26 5
2063 42 26 9
2064 48 26 11
2065 54 26 6
2066 58 26 14
2067 62 26 14
2068 64 26 9
2069 66 26 6
2070 68 26 13
2071 70 26 10
2072 72 26 6
2073 76 26 7
2074 86 26 5
2075 94 26 9
2076 96 26 6
2077 102 26 9
2078 104 26 6
2079 110 26 14
2080 112 26 9
2081 114 26 6
2082 118 26 11
2083 120 26 6
2084 124 26 9
2085 128 26 7
2086 130 26 9
2087 134 26 9
2088 136 26 6
2089 140 26 10
2090 148 26 6
2091 152 26 10
2092 156 26 6
2093 158 26 11
2094 160 26 5
2095 162 26 10
2096 164 26 5
2097 166 26 10
2098 168 26 6
2099 172 26 14
2100 174 26 9
2101 184 26 10
2102 186 26 5
2103 188 26 10
2104 194 26 6
2105 196 26 13
2106 198 26 10
2107 204 26 5
2108 206 26 14
2109 210 26 14
2110 214 26 13
2111 216 26 10
2112 220 26 6
2113 226 26 9
2114 228 26 6
2115 232 26 5
2116 234 26 10
2117 238 26 10
2118 244 26 6
2119 246 26 13
2120 248 26 14
2121 252 26 13
2122 254 26 14
2123 256 26 9
2124 260 26 5
2125 262 26 14
2126 266 26 11
2127 272 26 5
2128 276 26 11
2129 280 26 13
2130 282 26 10
2131 284 26 5
2132 290 26 7
2133 292 26 10
2134 294 26 7
2135 298 26 11
2136 1 27 7
2137 9 27 10
2138 11 27 5
2139 15 27 9
2140 19 27 6
2141 21 27 9
2142 23 27 6
2143 29 27 10
2144 31 27 6
2145 35 27 10
2146 37 27 5
2147 41 27 14
2148 43 27 13
2149 47 27 7
2150 49 27 9
2151 51 27 5
2152 53 27 9
2153 63 27 6
2154 65 27 9
2155 67 27 6
2156 69 27 10
2157 75 27 5
2158 77 27 10
2159 79 27 5
2160 81 27 9
2161 85 27 5
2162 87 27 11
2163 93 27 6
2164 95 27 9
2165 101 27 7
2166 103 27 9
2167 111 27 6
2168 113 27 9
2169 117 27 7
2170 123 27 6
2171 129 27 14
2172 131 27 9
2173 133 27 7
2174 141 27 5
2175 147 27 9
2176 153 27 5
2177 155 27 9
2178 157 27 6
2179 161 27 10
2180 163 27 5
2181 165 27 10
2182 173 27 6
2183 177 27 9
2184 187 27 10
2185 189 27 5
2186 193 27 9
2187 195 27 6
2188 197 27 11
2189 201 27 13
2190 205 27 10
2191 213 27 6
2192 215 27 10
2193 217 27 5
2194 219 27 9
2195 225 27 6
2196 231 27 5
2197 233 27 10
2198 239 27 5
2199 241 27 9
2200 245 27 6
2201 247 27 10
2202 251 27 6
2203 253 27 11
2204 255 27 6
2205 261 27 10
2206 265 27 6
2207 269 27 9
2208 271 27 5
2209 273 27 11
2210 275 27 6
2211 277 27 9
2212 279 27 6
2213 281 27 10
2214 283 27 5
2215 285 27 10
2216 287 27 5
2217 291 27 10
2218 293 27 5
2219 295 27 10
2220 297 27 6
2221 299 27 9
2222 2 28 11
2223 10 28 5
2224 12 28 10
2225 14 28 6
2226 18 28 9
2227 20 28 6
2228 38 28 10
2229 42 28 6
2230 44 28 11
2231 46 28 5
2232 48 28 14
2233 50 28 13
2234 52 28 14
2235 60 28 9
2236 64 28 7
2237 72 28 13
2238 76 28 10
2239 78 28 5
2240 80 28 14
2241 82 28 13
2242 86 28 14
2243 88 28 13
2244 94 28 6
2245 96 28 9
2246 100 28 13
2247 102 28 14
2248 108 28 9
2249 112 28 6
2250 116 28 13
2251 118 28 10
2252 120 28 5
2253 130 28 7
2254 132 28 13
2255 134 28 10
2256 136 28 5
2257 140 28 5
2258 142 28 10
2259 146 28 7
2260 150 28 13
2261 154 28 14
2262 162 28 5
2263 164 28 10
2264 166 28 5
2265 170 28 13
2266 176 28 6
2267 182 28 13
2268 188 28 5
2269 190 28 10
2270 192 28 6
2271 194 28 9
2272 196 28 6
2273 198 28 9
2274 200 28 7
2275 202 28 10
2276 208 28 9
2277 210 28 5
2278 216 28 5
2279 218 28 14
2280 220 28 9
2281 228 28 5
2282 232 28 10
2283 234 28 5
2284 238 28 13
2285 240 28 14
2286 242 28 13
2287 250 28 9
2288 252 28 6
2289 262 28 5
2290 268 28 7
2291 272 28 14
2292 274 28 9
2293 276 28 6
2294 282 28 5
2295 284 28 10
2296 286 28 5
2297 288 28 10
2298 292 28 5
2299 294 28 10
2300 298 28 6
2301 1 29 6
2302 5 29 9
2303 9 29 5
2304 11 29 10
2305 17 29 6
2306 19 29 9
2307 25 29 13
2308 35 29 9
2309 39 29 5
2310 41 29 9
2311 43 29 6
2312 47 29 10
2313 49 29 7
2314 51 29 10
2315 59 29 6
2316 65 29 10
2317 69 29 9
2318 71 29 7
2319 73 29 10
2320 77 29 5
2321 79 29 10
2322 81 29 6
2323 83 29 10
2324 87 29 6
2325 89 29 10
2326 95 29 6
2327 97 29 9
2328 99 29 6
2329 101 29 10
2330 107 29 6
2331 111 29 9
2332 115 29 6
2333 117 29 10
2334 119 29 5
2335 121 29 10
2336 123 29 5
2337 127 29 9
2338 131 29 14
2339 133 29 11
2340 135 29 5
2341 137 29 10
2342 139 29 5
2343 141 29 10
2344 145 29 13
2345 147 29 10
2346 149 29 6
2347 151 29 10
2348 157 29 5
2349 163 29 10
2350 165 29 5
2351 167 29 10
2352 169 29 6
2353 171 29 10
2354 175 29 9
2355 181 29 7
2356 183 29 10
2357 185 29 5
2358 189 29 10
2359 193 29 6
2360 195 29 9
2361 197 29 6
2362 201 29 10
2363 203 29 5
2364 207 29 6
2365 211 29 11
2366 213 29 5
2367 217 29 10
2368 219 29 6
2369 221 29 9
2370 225 29 5
2371 229 29 10
2372 233 29 5
2373 235 29 11
2374 237 29 7
2375 239 29 10
2376 241 29 6
2377 243 29 10
2378 245 29 5
2379 247 29 9
2380 249 29 6
2381 251 29 9
2382 255 29 5
2383 259 29 9
2384 263 29 10
2385 265 29 5
2386 269 29 10
2387 273 29 6
2388 275 29 9
2389 281 29 5
2390 283 29 10
2391 285 29 5
2392 287 29 11
2393 291 29 13
2394 293 29 10
2395 295 29 5
2396 4 30 6
2397 10 30 11
2398 18 30 7
2399 22 30 9
2400 24 30 6
2401 26 30 11
2402 34 30 7
2403 36 30 9
2404 40 30 14
2405 42 30 9
2406 50 30 10
2407 52 30 5
2408 56 30 13
2409 68 30 7
2410 72 30 10
2411 74 30 5
2412 78 30 11
2413 84 30 5
2414 90 30 5
2415 92 30 13
2416 94 30 9
2417 96 30 6
2418 98 30 9
2419 102 30 5
2420 106 30 9
2421 110 30 6
2422 114 30 9
2423 118 30 5
2424 120 30 10
2425 122 30 5
2426 124 30 10
2427 126 30 6
2428 128 30 9
2429 132 30 7
2430 136 30 11
2431 140 30 10
2432 144 30 6
2433 146 30 11
2434 158 30 10
2435 164 30 5
2436 166 30 10
2437 174 30 6
2438 178 30 13
2439 182 30 10
2440 184 30 5
2441 186 30 10
2442 190 30 5
2443 194 30 7
2444 202 30 5
2445 204 30 11
2446 210 30 7
2447 214 30 10
2448 220 30 7
2449 226 30 11
2450 234 30 14
2451 236 30 13
2452 238 30 10
2453 244 30 5
2454 246 30 14
2455 250 30 7
2456 254 30 5
2457 256 30 11
2458 258 30 6
2459 260 30 9
2460 264 30 5
2461 266 30 10
2462 274 30 6
2463 276 30 13
2464 282 30 10
2465 284 30 5
2466 286 30 14
2467 288 30 9
2468 290 30 6
2469 292 30 11
2470 294 30 5
2471 296 30 10
2472 298 30 5
2473 1 31 5
2474 9 31 6
2475 11 31 9
2476 17 31 5
2477 19 31 11
2478 21 31 6
2479 23 31 9
2480 25 31 7
2481 27 31 9
2482 29 31 5
2483 31 31 9
2484 35 31 14
2485 37 31 9
2486 41 31 6
2487 47 31 9
2488 51 31 5
2489 53 31 10
2490 55 31 6
2491 57 31 10
2492 59 31 5
2493 61 31 13
2494 63 31 9
2495 67 31 13
2496 69 31 10
2497 73 31 5
2498 75 31 11
2499 77 31 6
2500 81 31 9
2501 83 31 5
2502 85 31 10
2503 91 31 14
2504 93 31 15
2505 97 31 6
2506 99 31 9
2507 101 31 5
2508 103 31 10
2509 105 31 6
2510 109 31 9
2511 113 31 7
2512 117 31 5
2513 119 31 11
2514 121 31 5
2515 123 31 10
2516 127 31 6
2517 129 31 9
2518 133 31 10
2519 135 31 6
2520 137 31 9
2521 141 31 5
2522 143 31 9
2523 145 31 6
2524 151 31 9
2525 161 31 5
2526 165 31 11
2527 167 31 5
2528 171 31 13
2529 173 31 9
2530 177 31 6
2531 179 31 10
2532 183 31 5
2533 185 31 10
2534 191 31 11
2535 193 31 5
2536 195 31 10
2537 197 31 5
2538 199 31 9
2539 201 31 5
2540 203 31 14
2541 211 31 11
2542 217 31 9
2543 219 31 5
2544 221 31 10
2545 225 31 6
2546 229 31 9
2547 235 31 6
2548 237 31 10
2549 239 31 5
2550 245 31 10
2551 249 31 5
2552 251 31 10
2553 253 31 5
2554 255 31 14
2555 259 31 6
2556 261 31 9
2557 263 31 5
2558 265 31 10
2559 267 31 5
2560 275 31 6
2561 277 31 10
2562 285 31 10
2563 287 31 7
2564 289 31 9
2565 291 31 6
2566 295 31 11
2567 297 31 5
2568 299 31 10
2569 2 32 11
2570 4 32 5
2571 8 32 9
2572 10 32 6
2573 14 32 13
2574 18 32 14
2575 22 32 7
2576 26 32 14
2577 28 32 13
2578 30 32 14
2579 32 32 9
2580 36 32 6
2581 38 32 13
2582 46 32 6
2583 48 32 9
2584 52 32 10
2585 58 32 5
2586 60 32 14
2587 62 32 14
2588 64 32 9
2589 66 32 6
2590 68 32 10
2591 70 32 5
2592 74 32 14
2593 80 32 6
2594 82 32 13
2595 84 32 11
2596 92 32 6
2597 94 32 10
2598 98 32 7
2599 102 32 10
2600 108 32 6
2601 112 32 13
2602 114 32 10
2603 116 32 5
2604 118 32 14
2605 122 32 10
2606 124 32 5
2607 126 32 9
2608 128 32 6
2609 130 32 9
2610 136 32 7
2611 140 32 13
2612 142 32 14
2613 150 32 6
2614 152 32 13
2615 160 32 13
2616 162 32 10
2617 164 32 6
2618 166 32 13
2619 168 32 10
2620 170 32 7
2621 172 32 14
2622 174 32 13
2623 176 32 9
2624 180 32 5
2625 184 32 10
2626 190 32 7
2627 194 32 11
2628 198 32 14
2629 202 32 11
2630 210 32 6
2631 214 32 9
2632 216 32 6
2633 218 32 13
2634 220 32 10
2635 222 32 5
2636 224 32 9
2637 228 32 7
2638 240 32 11
2639 246 32 5
2640 248 32 13
2641 250 32 10
2642 252 32 5
2643 254 32 10
2644 260 32 7
2645 264 32 10
2646 266 32 5
2647 268 32 11
2648 274 32 9
2649 278 32 5
2650 282 32 9
2651 288 32 14
2652 290 32 9
2653 294 32 6
2654 298 32 11
2655 1 33 7
2656 5 33 10
2657 7 33 7
2658 9 33 9
2659 13 33 7
2660 15 33 10
2661 21 33 5
2662 23 33 10
2663 27 33 6
2664 29 33 10
2665 31 33 6
2666 35 33 9
2667 37 33 6
2668 39 33 10
2669 43 33 13
2670 45 33 9
2671 47 33 6
2672 49 33 9
2673 53 33 5
2674 55 33 9
2675 59 33 10
2676 63 33 6
2677 65 33 9
2678 69 33 5
2679 71 33 10
2680 77 33 5
2681 79 33 9
2682 81 33 6
2683 83 33 14
2684 85 33 9
2685 87 33 5
2686 91 33 9
2687 95 33 5
2688 99 33 10
2689 103 33 5
2690 107 33 9
2691 111 33 6
2692 113 33 11
2693 115 33 5
2694 117 33 10
2695 123 33 5
2696 125 33 14
2697 127 33 9
2698 129 33 6
2699 137 33 10
2700 139 33 6
2701 141 33 10
2702 145 33 5
2703 147 33 13
2704 149 33 9
2705 151 33 6
2706 153 33 10
2707 159 33 7
2708 161 33 10
2709 165 33 6
2710 167 33 10
2711 169 33 5
2712 171 33 11
2713 173 33 6
2714 175 33 14
2715 177 33 9
2716 179 33 5
2717 181 33 10
2718 185 33 5
2719 187 33 13
2720 191 33 10
2721 193 33 6
2722 195 33 9
2723 201 33 6
2724 205 33 9
2725 207 33 5
2726 209 33 9
2727 213 33 6
2728 215 33 9
2729 217 33 7
2730 219 33 10
2731 223 33 14
2732 225 33 9
2733 227 33 5
2734 229 33 10
2735 235 33 5
2736 237 33 9
2737 239 33 6
2738 241 33 9
2739 245 33 5
2740 247 33 14
2741 249 33 10
2742 251 33 5
2743 253 33 10
2744 255 33 5
2745 261 33 11
2746 265 33 5
2747 267 33 14
2748 269 33 9
2749 273 33 7
2750 277 33 13
2751 279 33 10
2752 281 33 6
2753 285 33 9
2754 289 33 6
2755 291 33 9
2756 297 33 6
2757 299 33 9
2758 2 34 11
2759 6 34 5
2760 8 34 14
2761 14 34 11
2762 22 34 11
2763 26 34 9
2764 34 34 6
2765 36 34 9
2766 42 34 6
2767 44 34 14
2768 46 34 9
2769 48 34 7
2770 50 34 13
2771 54 34 14
2772 56 34 9
2773 60 34 5
2774 64 34 7
2775 66 34 13
2776 70 34 11
2777 78 34 14
2778 80 34 9
2779 84 34 6
2780 86 34 13
2781 88 34 10
2782 90 34 7
2783 96 34 11
2784 104 34 10
2785 106 34 7
2786 112 34 7
2787 116 34 10
2788 118 34 5
2789 124 34 11
2790 126 34 6
2791 128 34 9
2792 142 34 5
2793 146 34 14
2794 148 34 14
2795 150 34 9
2796 156 34 13
2797 160 34 11
2798 162 34 5
2799 164 34 9
2800 168 34 5
2801 170 34 14
2802 176 34 6
2803 180 34 11
2804 182 34 5
2805 186 34 14
2806 188 34 10
2807 194 34 6
2808 198 34 9
2809 204 34 7
2810 208 34 14
2811 214 34 7
2812 218 34 11
2813 224 34 7
2814 228 34 10
2815 232 34 9
2816 234 34 5
2817 236 34 14
2818 238 34 9
2819 240 34 6
2820 244 34 13
2821 246 34 10
2822 250 34 5
2823 252 34 10
2824 254 34 5
2825 256 34 10
2826 260 34 7
2827 266 34 10
2828 268 34 7
2829 272 34 13
2830 274 34 10
2831 276 34 7
2832 278 34 10
2833 284 34 7
2834 290 34 6
2835 294 34 13
2836 296 34 9
2837 298 34 6
2838 1 35 7
2839 7 35 10
2840 13 35 6
2841 15 35 9
2842 21 35 6
2843 23 35 9
2844 25 35 6
2845 31 35 5
2846 33 35 9
2847 35 35 6
2848 41 35 9
2849 45 35 6
2850 49 35 15
2851 51 35 10
2852 55 35 6
2853 57 35 9
2854 59 35 5
2855 61 35 10
2856 65 35 14
2857 67 35 10
2858 69 35 6
2859 71 35 9
2860 79 35 6
2861 83 35 9
2862 85 35 6
2863 87 35 10
2864 89 35 5
2865 91 35 10
2866 95 35 6
2867 97 35 13
2868 99 35 9
2869 107 35 10
2870 111 35 5
2871 113 35 10
2872 117 35 5
2873 119 35 10
2874 123 35 6
2875 125 35 9
2876 127 35 6
2877 133 35 13
2878 137 35 9
2879 139 35 5
2880 143 35 10
2881 149 35 6
2882 153 35 9
2883 155 35 6
2884 157 35 10
2885 159 35 7
2886 163 35 14
2887 167 35 5
2888 169 35 11
2889 173 35 5
2890 175 35 9
2891 179 35 6
2892 183 35 10
2893 189 35 5
2894 191 35 13
2895 197 35 7
2896 205 35 11
2897 213 35 5
2898 215 35 10
2899 217 35 6
2900 225 35 10
2901 231 35 6
2902 235 35 10
2903 237 35 6
2904 239 35 9
2905 243 35 6
2906 245 35 10
2907 247 35 5
2908 251 35 10
2909 253 35 5
2910 255 35 10
2911 259 35 5
2912 261 35 10
2913 267 35 5
2914 269 35 10
2915 271 35 6
2916 273 35 10
2917 275 35 5
2918 277 35 10
2919 279 35 5
2920 285 35 10
2921 293 35 6
2922 295 35 14
2923 2 36 10
2924 10 36 5
2925 14 36 6
2926 22 36 6
2927 24 36 9
2928 30 36 5
2929 32 36 14
2930 34 36 9
2931 40 36 6
2932 48 36 6
2933 50 36 10
2934 52 36 5
2935 56 36 6
2936 60 36 11
2937 70 36 6
2938 72 36 9
2939 76 36 13
2940 82 36 7
2941 90 36 10
2942 96 36 6
2943 98 36 14
2944 104 36 9
2945 110 36 13
2946 112 36 10
2947 118 36 11
2948 122 36 9
2949 124 36 6
2950 126 36 9
2951 132 36 6
2952 134 36 10
2953 136 36 7
2954 140 36 10
2955 152 36 6
2956 160 36 10
2957 166 36 5
2958 168 36 14
2959 172 36 5
2960 174 36 14
2961 176 36 9
2962 186 36 5
2963 190 36 14
2964 192 36 10
2965 194 36 5
2966 198 36 10
2967 204 36 6
2968 210 36 9
2969 214 36 11
2970 228 36 13
2971 230 36 9
2972 238 36 7
2973 246 36 5
2974 248 36 10
2975 254 36 11
2976 258 36 13
2977 260 36 10
2978 266 36 5
2979 268 36 10
2980 274 36 5
2981 276 36 10
2982 280 36 11
2983 286 36 5
2984 288 36 13
2985 3 37 5
2986 5 37 9
2987 7 37 5
2988 11 37 10
2989 19 37 5
2990 21 37 9
2991 23 37 6
2992 27 37 9
2993 29 37 5
2994 31 37 10
2995 33 37 6
2996 35 37 9
2997 37 37 5
2998 39 37 9
2999 43 37 5
3000 47 37 9
3001 51 37 5
3002 53 37 10
3003 59 37 7
3004 61 37 9
3005 63 37 5
3006 69 37 9
3007 71 37 6
3008 73 37 9
3009 75 37 7
3010 77 37 10
3011 81 37 5
3012 83 37 10
3013 87 37 9
3014 93 37 13
3015 95 37 9
3016 103 37 7
3017 107 37 9
3018 109 37 6
3019 111 37 10
3020 117 37 6
3021 121 37 6
3022 123 37 9
3023 125 37 6
3024 135 37 5
3025 137 37 10
3026 141 37 5
3027 143 37 9
3028 149 37 5
3029 151 37 9
3030 157 37 9
3031 161 37 5
3032 167 37 10
3033 171 37 5
3034 173 37 10
3035 175 37 6
3036 185 37 13
3037 187 37 10
3038 193 37 5
3039 195 37 10
3040 199 37 5
3041 203 37 9
3042 209 37 6
3043 211 37 9
3044 213 37 6
3045 225 37 9
3046 227 37 7
3047 229 37 14
3048 233 37 5
3049 235 37 9
3050 237 37 5
3051 239 37 10
3052 243 37 5
3053 247 37 10
3054 249 37 5
3055 251 37 9
3056 253 37 6
3057 255 37 9
3058 257 37 7
3059 259 37 10
3060 265 37 5
3061 267 37 11
3062 269 37 5
3063 271 37 9
3064 273 37 5
3065 275 37 10
3066 279 37 6
3067 283 37 9
3068 287 37 14
3069 289 37 11
3070 293 37 5
3071 297 37 9
3072 2 38 5
3073 4 38 14
3074 8 38 10
3075 12 38 5
3076 16 38 13
3077 20 38 14
3078 22 38 9
3079 26 38 6
3080 28 38 13
3081 30 38 10
3082 34 38 6
3083 38 38 14
3084 42 38 13
3085 44 38 10
3086 46 38 7
3087 50 38 5
3088 52 38 10
3089 54 38 5
3090 60 38 14
3091 62 38 13
3092 64 38 10
3093 68 38 6
3094 70 38 9
3095 72 38 6
3096 76 38 11
3097 82 38 11
3098 86 38 6
3099 90 38 9
3100 92 38 6
3101 94 38 14
3102 98 38 5
3103 104 38 11
3104 106 38 6
3105 108 38 9
3106 122 38 6
3107 124 38 9
3108 132 38 5
3109 136 38 11
3110 140 38 13
3111 142 38 14
3112 144 38 9
3113 150 38 14
3114 152 38 13
3115 156 38 7
3116 162 38 10
3117 170 38 5
3118 172 38 10
3119 184 38 6
3120 186 38 11
3121 188 38 5
3122 194 38 10
3123 196 38 5
3124 200 38 10
3125 202 38 7
3126 204 38 9
3127 206 38 5
3128 210 38 7
3129 224 38 6
3130 226 38 13
3131 228 38 10
3132 234 38 14
3133 238 38 10
3134 240 38 5
3135 244 38 11
3136 250 38 14
3137 252 38 9
3138 254 38 6
3139 258 38 10
3140 260 38 5
3141 266 38 14
3142 270 38 14
3143 272 38 13
3144 274 38 11
3145 276 38 5
3146 282 38 6
3147 284 38 9
3148 288 38 7
3149 292 38 13
3150 294 38 10
3151 296 38 6
3152 298 38 13
3153 1 39 5
3154 3 39 10
3155 9 39 5
3156 11 39 13
3157 13 39 10
3158 15 39 7
3159 17 39 10
3160 21 39 7
3161 27 39 6
3162 29 39 10
3163 31 39 5
3164 33 39 9
3165 41 39 6
3166 43 39 10
3167 45 39 5
3168 47 39 10
3169 49 39 5
3170 51 39 10
3171 53 39 5
3172 55 39 11
3173 61 39 6
3174 63 39 10
3175 65 39 5
3176 67 39 9
3177 69 39 7
3178 75 39 6
3179 77 39 9
3180 81 39 6
3181 85 39 9
3182 89 39 6
3183 91 39 9
3184 97 39 5
3185 99 39 11
3186 103 39 7
3187 107 39 6
3188 109 39 13
3189 111 39 9
3190 117 39 5
3191 119 39 13
3192 123 39 6
3193 125 39 9
3194 127 39 5
3195 133 39 10
3196 135 39 6
3197 137 39 9
3198 139 39 7
3199 141 39 10
3200 143 39 6
3201 145 39 9
3202 151 39 7
3203 153 39 10
3204 155 39 5
3205 157 39 11
3206 163 39 5
3207 167 39 9
3208 169 39 5
3209 171 39 10
3210 175 39 13
3211 177 39 13
3212 181 39 9
3213 185 39 6
3214 189 39 10
3215 195 39 5
3216 197 39 10
3217 203 39 14
3218 207 39 10
3219 209 39 5
3220 211 39 10
3221 213 39 5
3222 215 39 9
3223 217 39 5
3224 223 39 9
3225 225 39 7
3226 227 39 10
3227 229 39 5
3228 231 39 9
3229 241 39 11
3230 243 39 6
3231 247 39 9
3232 251 39 7
3233 259 39 5
3234 261 39 10
3235 271 39 6
3236 273 39 14
3237 277 39 10
3238 279 39 5
3239 281 39 9
3240 283 39 6
3241 285 39 9
3242 287 39 5
3243 289 39 10
3244 291 39 6
3245 293 39 10
3246 297 39 6
3247 299 39 10
3248 2 40 11
3249 6 40 13
3250 10 40 14
3251 12 40 11
3252 14 40 5
3253 16 40 10
3254 18 40 5
3255 22 40 11
3256 30 40 5
3257 32 40 14
3258 36 40 13
3259 40 40 9
3260 46 40 11
3261 48 40 5
3262 50 40 10
3263 52 40 5
3264 54 40 14
3265 64 40 5
3266 66 40 14
3267 68 40 13
3268 70 40 10
3269 72 40 5
3270 76 40 6
3271 78 40 13
3272 84 40 7
3273 88 40 9
3274 90 40 6
3275 98 40 14
3276 104 40 10
3277 108 40 7
3278 110 40 14
3279 112 40 13
3280 116 40 13
3281 118 40 14
3282 120 40 11
3283 124 40 7
3284 128 40 11
3285 136 40 6
3286 140 40 11
3287 144 40 7
3288 148 40 9
3289 152 40 11
3290 156 40 14
3291 162 40 13
3292 164 40 10
3293 166 40 7
3294 170 40 11
3295 174 40 6
3296 176 40 14
3297 178 40 10
3298 180 40 7
3299 182 40 13
3300 184 40 9
3301 196 40 10
3302 200 40 9
3303 208 40 5
3304 210 40 11
3305 212 40 5
3306 214 40 14
3307 216 40 13
3308 218 40 10
3309 222 40 6
3310 226 40 10
3311 228 40 5
3312 230 40 14
3313 232 40 13
3314 238 40 9
3315 240 40 6
3316 242 40 9
3317 246 40 6
3318 252 40 10
3319 254 40 5
3320 258 40 13
3321 260 40 10
3322 262 40 5
3323 266 40 9
3324 268 40 5
3325 278 40 5
3326 280 40 14
3327 282 40 9
3328 284 40 6
3329 288 40 11
3330 296 40 9
3331 1 41 7
3332 3 41 9
3333 5 41 6
3334 7 41 10
3335 11 41 6
3336 15 41 11
3337 17 41 5
3338 19 41 10
3339 21 41 6
3340 23 41 9
3341 25 41 5
3342 31 41 10
3343 35 41 6
3344 37 41 10
3345 39 41 6
3346 43 41 9
3347 45 41 7
3348 49 41 10
3349 51 41 5
3350 53 41 10
3351 63 41 5
3352 65 41 10
3353 67 41 7
3354 69 41 10
3355 71 41 5
3356 73 41 10
3357 77 41 6
3358 79 41 11
3359 83 41 5
3360 85 41 10
3361 87 41 7
3362 105 41 5
3363 109 41 10
3364 111 41 6
3365 113 41 11
3366 115 41 6
3367 117 41 10
3368 119 41 6
3369 121 41 9
3370 123 41 5
3371 125 41 10
3372 127 41 7
3373 129 41 9
3374 131 41 5
3375 135 41 9
3376 139 41 6
3377 141 41 9
3378 143 41 5
3379 145 41 10
3380 147 41 7
3381 149 41 9
3382 151 41 6
3383 153 41 9
3384 161 41 6
3385 163 41 10
3386 165 41 5
3387 167 41 11
3388 169 41 6
3389 173 41 9
3390 181 41 15
3391 183 41 14
3392 187 41 9
3393 199 41 6
3394 203 41 9
3395 209 41 14
3396 213 41 10
3397 215 41 6
3398 217 41 10
3399 219 41 5
3400 221 41 9
3401 227 41 5
3402 229 41 10
3403 231 41 6
3404 233 41 10
3405 237 41 6
3406 239 41 9
3407 241 41 7
3408 243 41 13
3409 253 41 5
3410 255 41 10
3411 257 41 6
3412 259 41 11
3413 261 41 5
3414 263 41 10
3415 265 41 6
3416 269 41 10
3417 271 41 5
3418 279 41 10
3419 281 41 6
3420 283 41 9
3421 287 41 6
3422 289 41 9
3423 291 41 5
3424 293 41 9
3425 295 41 7
3426 297 41 9
3427 2 42 14
3428 4 42 9
3429 14 42 6
3430 18 42 10
3431 22 42 7
3432 26 42 10
3433 34 42 9
3434 42 42 7
3435 46 42 11
3436 50 42 5
3437 52 42 10
3438 54 42 5
3439 60 42 13
3440 64 42 10
3441 66 42 5
3442 68 42 10
3443 70 42 5
3444 72 42 10
3445 74 42 5
3446 78 42 7
3447 84 42 10
3448 88 42 11
3449 96 42 13
3450 106 42 10
3451 112 42 6
3452 120 42 6
3453 122 42 13
3454 124 42 10
3455 126 42 5
3456 128 42 14
3457 132 42 11
3458 134 42 6
3459 138 42 9
3460 140 42 6
3461 144 42 11
3462 148 42 14
3463 150 42 9
3464 152 42 6
3465 154 42 13
3466 160 42 9
3467 166 42 14
3468 172 42 7
3469 178 42 9
3470 180 42 6
3471 182 42 10
3472 186 42 6
3473 188 42 13
3474 192 42 13
3475 196 42 13
3476 202 42 6
3477 204 42 9
3478 218 42 5
3479 220 42 14
3480 224 42 9
3481 226 42 5
3482 228 42 10
3483 236 42 9
3484 238 42 7
3485 242 42 14
3486 244 42 11
3487 246 42 5
3488 254 42 10
3489 258 42 7
3490 262 42 11
3491 272 42 10
3492 282 42 7
3493 286 42 9
3494 288 42 6
3495 292 42 14
3496 294 42 13
3497 296 42 14
3498 298 42 13
3499 3 43 6
3500 7 43 9
3501 9 43 5
3502 13 43 9
3503 21 43 5
3504 23 43 10
3505 27 43 5
3506 29 43 9
3507 33 43 6
3508 37 43 13
3509 39 43 9
3510 41 43 5
3511 43 43 10
3512 45 43 6
3513 47 43 13
3514 51 43 10
3515 55 43 11
3516 59 43 6
3517 61 43 11
3518 67 43 10
3519 69 43 5
3520 71 43 10
3521 75 43 11
3522 77 43 5
3523 79 43 10
3524 87 43 7
3525 89 43 9
3526 95 43 6
3527 97 43 10
3528 107 43 5
3529 111 43 9
3530 119 43 9
3531 121 43 6
3532 123 43 10
3533 127 43 10
3534 131 43 7
3535 133 43 9
3536 137 43 6
3537 139 43 9
3538 143 43 6
3539 145 43 9
3540 149 43 6
3541 151 43 9
3542 153 43 6
3543 155 43 10
3544 159 43 6
3545 161 43 9
3546 169 43 5
3547 173 43 10
3548 177 43 6
3549 179 43 9
3550 183 43 5
3551 185 43 9
3552 187 43 6
3553 189 43 11
3554 191 43 6
3555 193 43 10
3556 195 43 6
3557 197 43 11
3558 201 43 9
3559 203 43 6
3560 205 43 9
3561 207 43 5
3562 213 43 9
3563 219 43 11
3564 223 43 6
3565 227 43 10
3566 229 43 5
3567 231 43 13
3568 235 43 6
3569 239 43 10
3570 243 43 6
3571 247 43 10
3572 257 43 5
3573 259 43 10
3574 261 43 6
3575 269 43 9
3576 273 43 5
3577 275 43 9
3578 277 43 5
3579 283 43 10
3580 285 43 7
3581 287 43 9
3582 293 43 6
3583 295 43 10
3584 297 43 6
3585 299 43 11
3586 6 44 6
3587 10 44 10
3588 12 44 7
3589 18 44 13
3590 22 44 11
3591 24 44 5
3592 28 44 14
3593 30 44 13
3594 32 44 9
3595 36 44 6
3596 38 44 14
3597 42 44 10
3598 46 44 6
3599 48 44 10
3600 54 44 6
3601 58 44 9
3602 60 44 6
3603 64 44 9
3604 68 44 5
3605 70 44 10
3606 74 44 6
3607 76 44 13
3608 78 44 11
3609 80 44 5
3610 86 44 13
3611 88 44 14
3612 92 44 13
3613 100 44 5
3614 108 44 11
3615 110 44 6
3616 118 44 6
3617 120 44 9
3618 128 44 5
3619 132 44 14
3620 134 44 9
3621 138 44 7
3622 144 44 6
3623 150 44 6
3624 152 44 9
3625 160 44 7
3626 170 44 10
3627 178 44 6
3628 180 44 9
3629 182 44 5
3630 184 44 14
3631 186 44 9
3632 188 44 6
3633 196 44 6
3634 198 44 9
3635 200 44 7
3636 202 44 9
3637 204 44 6
3638 206 44 13
3639 208 44 11
3640 212 44 7
3641 218 44 7
3642 228 44 5
3643 230 44 14
3644 232 44 10
3645 248 44 5
3646 252 44 5
3647 256 44 13
3648 258 44 10
3649 268 44 6
3650 270 44 13
3651 274 44 14
3652 278 44 10
3653 284 44 5
3654 286 44 14
3655 298 44 7
3656 5 45 9
3657 11 45 5
3658 13 45 10
3659 17 45 6
3660 19 45 11
3661 21 45 6
3662 25 45 10
3663 29 45 6
3664 31 45 14
3665 35 45 9
3666 43 45 5
3667 45 45 9
3668 49 45 5
3669 53 45 9
3670 57 45 6
3671 59 45 9
3672 63 45 6
3673 65 45 9
3674 67 45 5
3675 69 45 10
3676 71 45 5
3677 73 45 9
3678 75 45 6
3679 77 45 14
3680 81 45 10
3681 85 45 7
3682 87 45 10
3683 91 45 6
3684 93 45 11
3685 95 45 5
3686 101 45 10
3687 107 45 7
3688 109 45 9
3689 115 45 5
3690 117 45 9
3691 119 45 7
3692 129 45 10
3693 133 45 6
3694 135 45 9
3695 137 45 5
3696 139 45 10
3697 141 45 5
3698 143 45 9
3699 151 45 6
3700 155 45 9
3701 157 45 5
3702 161 45 10
3703 173 45 13
3704 177 45 9
3705 179 45 6
3706 183 45 10
3707 185 45 6
3708 187 45 9
3709 193 45 13
3710 195 45 9
3711 197 45 6
3712 201 45 14
3713 205 45 6
3714 207 45 14
3715 211 45 5
3716 213 45 10
3717 215 45 5
3718 219 45 10
3719 223 45 5
3720 229 45 10
3721 233 45 5
3722 237 45 13
3723 247 45 13
3724 249 45 11
3725 251 45 5
3726 253 45 10
3727 255 45 6
3728 257 45 10
3729 259 45 5
3730 265 45 13
3731 269 45 6
3732 271 45 10
3733 285 45 10
3734 293 45 5
3735 299 45 10
3736 2 46 9
3737 4 46 7
3738 8 46 13
3739 12 46 11
3740 18 46 7
3741 20 46 9
3742 26 46 5
3743 34 46 7
3744 38 46 9
3745 40 46 5
3746 42 46 13
3747 44 46 14
3748 46 46 9
3749 48 46 5
3750 50 46 10
3751 52 46 7
3752 54 46 9
3753 58 46 7
3754 62 46 9
3755 64 46 6
3756 66 46 13
3757 68 46 11
3758 70 46 5
3759 72 46 14
3760 74 46 9
3761 82 46 5
3762 86 46 11
3763 90 46 9
3764 92 46 7
3765 96 46 11
3766 104 46 5
3767 108 46 14
3768 110 46 9
3769 112 46 5
3770 114 46 13
3771 116 46 14
3772 118 46 13
3773 120 46 10
3774 130 46 5
3775 132 46 9
3776 134 46 6
3777 136 46 13
3778 138 46 11
3779 140 46 5
3780 142 46 14
3781 144 46 13
3782 148 46 13
3783 150 46 9
3784 154 46 6
3785 156 46 13
3786 158 46 11
3787 162 46 5
3788 166 46 9
3789 168 46 5
3790 170 46 9
3791 172 46 7
3792 174 46 10
3793 176 46 7
3794 178 46 9
3795 186 46 7
3796 190 46 9
3797 192 46 7
3798 194 46 14
3799 196 46 9
3800 210 46 5
3801 212 46 10
3802 214 46 5
3803 216 46 11
3804 222 46 5
3805 224 46 11
3806 232 46 13
3807 234 46 11
3808 236 46 6
3809 238 46 11
3810 240 46 5
3811 242 46 9
3812 246 46 7
3813 248 46 14
3814 252 46 11
3815 258 46 5
3816 260 46 11
3817 264 46 6
3818 266 46 11
3819 272 46 5
3820 276 46 13
3821 278 46 9
3822 286 46 5
3823 290 46 13
3824 294 46 11
3825 1 47 6
3826 5 47 10
3827 7 47 6
3828 9 47 10
3829 11 47 6
3830 19 47 14
3831 27 47 10
3832 35 47 10
3833 37 47 6
3834 41 47 14
3835 43 47 10
3836 45 47 6
3837 49 47 10
3838 53 47 14
3839 59 47 10
3840 61 47 6
3841 65 47 6
3842 67 47 14
3843 71 47 10
3844 73 47 6
3845 83 47 10
3846 85 47 6
3847 89 47 6
3848 93 47 10
3849 95 47 6
3850 105 47 10
3851 109 47 6
3852 113 47 14
3853 115 47 10
3854 117 47 6
3855 119 47 10
3856 131 47 14
3857 135 47 6
3858 137 47 14
3859 141 47 10
3860 143 47 6
3861 145 47 10
3862 147 47 6
3863 149 47 14
3864 155 47 6
3865 157 47 14
3866 163 47 10
3867 165 47 6
3868 169 47 14
3869 173 47 10
3870 177 47 14
3871 187 47 10
3872 189 47 6
3873 193 47 10
3874 195 47 6
3875 211 47 10
3876 215 47 14
3877 223 47 14
3878 231 47 6
3879 233 47 14
3880 237 47 6
3881 241 47 14
3882 247 47 10
3883 251 47 6
3884 259 47 14
3885 265 47 6
3886 273 47 10
3887 275 47 6
3888 277 47 14
3889 287 47 10
3890 289 47 6
3891 291 47 10
3892 293 47 6
